Sample	0	1	2	3	4	5	6	7	8	9	10	11	12	13	14	15
Yell_July18_Site1J_S99_R1_001	(1.0, 62.98291872062364)	(2.0, 11.441017998395047)	(3.0, 7.49742061217471)	(4.0, 4.998280408116474)	(5.0, 2.5220680958385877)	(6.0, 2.613779662959991)	(7.0, 1.2839619396996447)	(8.0, 1.1005388054568384)	(9.0, 0.8254041040926287)	('>10', 3.4506477129427946)	('>50', 0.0)	('>100', 1.2839619396996447)	('>500', 0.0)	('>1k', 0.0)	('>5k', 0.0)	('>10k+', 0.0)
Yell_July18_Site1J_S99_R2_001	(1.0, 37.590278573885136)	(2.0, 9.538002980625931)	(3.0, 6.224922618365241)	(4.0, 4.493866788948756)	(5.0, 3.8404218732087583)	(6.0, 3.9206694944399865)	(7.0, 1.925942909549467)	(8.0, 2.2010776109136767)	(9.0, 2.063510260231572)	('>10', 18.13596239825748)	('>50', 2.6023157170698155)	('>100', 7.463028774504184)	('>500', 0.0)	('>1k', 0.0)	('>5k', 0.0)	('>10k+', 0.0)
Yell_July18_Site1L_S101_R1_001	(1.0, 13.698657503595973)	(2.0, 3.615950135847851)	(3.0, 2.295429119386287)	(4.0, 2.061690906185073)	(5.0, 1.8079750679239255)	(6.0, 1.2825635288476906)	(7.0, 1.2865590538596772)	(8.0, 1.1666933035000797)	(9.0, 1.1147514783442545)	('>10', 10.58614351925843)	('>50', 2.8168451334505353)	('>100', 9.894917692184753)	('>500', 7.853204411059614)	('>1k', 14.022295029566886)	('>5k', 26.496324116988973)	('>10k+', 0.0)
Yell_July18_Site1L_S101_R2_001	(1.0, 11.153508070960525)	(2.0, 2.9207287837621863)	(3.0, 1.7979862553939587)	(4.0, 1.3584785040754355)	(5.0, 1.138724628416174)	(6.0, 0.9948857279846571)	(7.0, 0.8110915774332748)	(8.0, 0.6552661019657983)	(9.0, 0.5034361515103084)	('>10', 10.374380693623142)	('>50', 1.9997602684992808)	('>100', 4.690746364072239)	('>500', 2.744925683234777)	('>1k', 12.751718075755154)	('>5k', 0.0)	('>10k+', 46.10436311331309)
Yell_July18_Site1U_S114_R1_001	(1.0, 53.19124155602143)	(2.0, 6.978802702073142)	(3.0, 2.983927323549965)	(4.0, 2.348008385744235)	(5.0, 1.8518518518518516)	(6.0, 1.4395527603074771)	(7.0, 1.2392266480316794)	(8.0, 0.913114372233869)	(9.0, 0.7127882599580713)	('>10', 15.590496156533892)	('>50', 8.127183787561146)	('>100', 4.6238061961332395)	('>500', 0.0)	('>1k', 0.0)	('>5k', 0.0)	('>10k+', 0.0)
Yell_July18_Site1U_S114_R2_001	(1.0, 48.84696016771489)	(2.0, 7.081295131609597)	(3.0, 3.284416491963662)	(4.0, 1.9659911483810855)	(5.0, 1.6655019799673887)	(6.0, 1.4814814814814816)	(7.0, 1.1740041928721174)	(8.0, 1.397624039133473)	(9.0, 1.1949685534591197)	('>10', 15.27603074772886)	('>50', 6.489634288376426)	('>100', 10.142091777311903)	('>500', 0.0)	('>1k', 0.0)	('>5k', 0.0)	('>10k+', 0.0)
Yell_July18_Site1a_S83_R1_001	(1.0, 7.03672983645576)	(2.0, 2.2935862529075535)	(3.0, 1.4821760219261075)	(4.0, 1.193674606466038)	(5.0, 0.9601687733280441)	(6.0, 0.7681350186624353)	(7.0, 0.6468742674768748)	(8.0, 0.6491281847851565)	(9.0, 0.6491281847851565)	('>10', 7.838673614742422)	('>50', 2.1597035647956146)	('>100', 7.435673200021638)	('>500', 6.926287888349952)	('>1k', 19.845291115959537)	('>5k', 10.267494906146883)	('>10k+', 29.847274563190823)
Yell_July18_Site1a_S83_R2_001	(1.0, 4.838709677419355)	(2.0, 1.2865359995672478)	(3.0, 0.906074757929281)	(4.0, 0.7591193494293081)	(5.0, 0.6356046809354658)	(6.0, 0.5382354532176924)	(7.0, 0.3944355289493139)	(8.0, 0.3822643754845922)	(9.0, 0.3813628085612795)	('>10', 5.467101822968319)	('>50', 1.822066752015002)	('>100', 4.211219098793703)	('>500', 1.8950936728033323)	('>1k', 7.812077390504697)	('>5k', 7.7083971943237355)	('>10k+', 60.96170143709767)
Yell_July18_Site1aa_S130_R1_001	(1.0, nan)	(2.0, nan)	(3.0, nan)	(4.0, nan)	(5.0, nan)	(6.0, nan)	(7.0, nan)	(8.0, nan)	(9.0, nan)	('>10', nan)	('>50', nan)	('>100', nan)	('>500', nan)	('>1k', nan)	('>5k', nan)	('>10k+', nan)
Yell_July18_Site1aa_S130_R2_001	(1.0, nan)	(2.0, nan)	(3.0, nan)	(4.0, nan)	(5.0, nan)	(6.0, nan)	(7.0, nan)	(8.0, nan)	(9.0, nan)	('>10', nan)	('>50', nan)	('>100', nan)	('>500', nan)	('>1k', nan)	('>5k', nan)	('>10k+', nan)
Yell_July18_Site1b_S84_R1_001	(1.0, 13.977604489212997)	(2.0, 3.5324747544961643)	(3.0, 1.9943632066529327)	(4.0, 1.2714381406165085)	(5.0, 1.080596034022977)	(6.0, 0.7621045713635732)	(7.0, 0.7166057909836584)	(8.0, 0.5662070447278288)	(9.0, 0.6085461875813607)	('>10', 17.00011374695095)	('>50', 3.5628072747494413)	('>100', 7.353108451398456)	('>500', 5.278490451575395)	('>1k', 13.892294276000658)	('>5k', 20.162910910860308)	('>10k+', 8.240334668806794)
Yell_July18_Site1b_S84_R2_001	(1.0, 10.02805758123428)	(2.0, 2.6882196074466336)	(3.0, 1.7384325670159118)	(4.0, 1.248688750426551)	(5.0, 0.947891257914892)	(6.0, 0.8720599572817006)	(7.0, 0.7431467462052753)	(8.0, 0.7431467462052753)	(9.0, 0.5118612792740417)	('>10', 9.183170506679474)	('>50', 5.272803104027906)	('>100', 5.469964485674204)	('>500', 2.043653552064507)	('>1k', 11.065050617393172)	('>5k', 0.0)	('>10k+', 47.44385324115618)
Yell_July18_Site1bb_S139_R1_001	(1.0, 8.579050159577003)	(2.0, 2.6770828371361883)	(3.0, 1.7666603153432097)	(4.0, 1.2813795074548657)	(5.0, 1.104534844948316)	(6.0, 0.9181631972562283)	(7.0, 0.8336112037345782)	(8.0, 0.766922307435812)	(9.0, 0.6323536416900871)	('>10', 9.173295860524936)	('>50', 2.5002381746296383)	('>100', 8.054470537798315)	('>500', 2.955747153813176)	('>1k', 19.7571809650836)	('>5k', 9.198304196636974)	('>10k+', 29.80100509693707)
Yell_July18_Site1bb_S139_R2_001	(1.0, 6.565283665983899)	(2.0, 1.712475587100462)	(3.0, 1.2504168056018674)	(4.0, 0.9336445481827277)	(5.0, 0.916972324108036)	(6.0, 0.7895488972514648)	(7.0, 0.6793931310436813)	(8.0, 0.5525651407612061)	(9.0, 0.5466107750202448)	('>10', 7.655528033153909)	('>50', 2.599676082503692)	('>100', 2.0292478445196016)	('>500', 1.7708283713618826)	('>1k', 14.394083742199781)	('>5k', 0.0)	('>10k+', 57.60372505120755)
Yell_July18_Site1c_S85_R1_001	(1.0, 11.602433131608182)	(2.0, 2.709694460197478)	(3.0, 1.689674727904104)	(4.0, 1.2926982745896227)	(5.0, 1.1885987741118527)	(6.0, 0.9881683925949519)	(7.0, 0.9190276795910599)	(8.0, 0.7333576750075744)	(9.0, 0.7900685969096433)	('>10', 14.092275661692161)	('>50', 5.987275001359508)	('>100', 5.29431414743286)	('>500', 8.75834155512224)	('>1k', 29.1851495070811)	('>5k', 0.0)	('>10k+', 14.768922414797666)
Yell_July18_Site1c_S85_R2_001	(1.0, 8.428952090923922)	(2.0, 2.1301554500749673)	(3.0, 1.3866985697971612)	(4.0, 1.0689620347568034)	(5.0, 0.8972755451628691)	(6.0, 0.7411262944462139)	(7.0, 0.7667627385937246)	(8.0, 0.6587789283966347)	(9.0, 0.6782004769932335)	('>10', 10.012196732518666)	('>50', 4.550857267155054)	('>100', 5.695951772410525)	('>500', 3.163381835414029)	('>1k', 7.323477544805512)	('>5k', 4.1290212316369255)	('>10k+', 48.36820148691376)
Yell_July18_Site1cc_S140_R1_001	(1.0, 7.519981609350075)	(2.0, 2.030260468793366)	(3.0, 1.3406110966266054)	(4.0, 0.9128042096646231)	(5.0, 0.8284202824198283)	(6.0, 0.6459155095415513)	(7.0, 0.5632136539361878)	(8.0, 0.4866793943420717)	(9.0, 0.4844366321561635)	('>10', 10.067479107268513)	('>50', 6.948077251943493)	('>100', 8.37335262108813)	('>500', 3.9352066004491135)	('>1k', 13.927272829216463)	('>5k', 13.65842171218072)	('>10k+', 28.27786702102309)
Yell_July18_Site1cc_S140_R2_001	(1.0, 5.774551938167047)	(2.0, 1.4112581054827125)	(3.0, 0.9310266524251268)	(4.0, 0.7165625183976586)	(5.0, 0.5817164419699302)	(6.0, 0.518078064944786)	(7.0, 0.5298525664208038)	(8.0, 0.43958138843800026)	(9.0, 0.3380963995256558)	('>10', 7.178521066545558)	('>50', 3.8169008951424575)	('>100', 8.022640684266744)	('>500', 1.376495291601136)	('>1k', 4.386001799816654)	('>5k', 7.541568195389442)	('>10k+', 56.43714799146628)
Yell_July18_Site1d_S86_R1_001	(1.0, 11.500522751034138)	(2.0, 2.6603481976453476)	(3.0, 1.4318832674212463)	(4.0, 1.068230374107914)	(5.0, 0.8437883540160916)	(6.0, 0.8523114687031229)	(7.0, 0.7994681576435292)	(8.0, 0.831855993454248)	(9.0, 0.721055502522842)	('>10', 15.41717805354789)	('>50', 5.64116550752307)	('>100', 6.998045365698441)	('>500', 6.6855311605072965)	('>1k', 8.432769671348698)	('>5k', 15.69616800763671)	('>10k+', 20.419678167189417)
Yell_July18_Site1d_S86_R2_001	(1.0, 8.620846402109187)	(2.0, 2.1955543433792446)	(3.0, 1.2665348424928407)	(4.0, 1.0045911177780809)	(5.0, 0.9204963861993727)	(6.0, 0.6375289785899358)	(7.0, 0.735828901313696)	(8.0, 0.5591163234692486)	(9.0, 0.6596890767762171)	('>10', 10.318082640120005)	('>50', 5.620141824628392)	('>100', 7.340106368471294)	('>500', 2.746147552161462)	('>1k', 10.687417609891359)	('>5k', 0.0)	('>10k+', 46.687917632619666)
Yell_July18_Site1dd_S141_R1_001	(1.0, 9.13144449605202)	(2.0, 2.3161480105279453)	(3.0, 1.4482117974918718)	(4.0, 1.2299117510450535)	(5.0, 1.0713732775971514)	(6.0, 0.89921040408732)	(7.0, 0.8084842854931104)	(8.0, 0.7035144759250658)	(9.0, 0.6242452392011147)	('>10', 10.773184703514476)	('>50', 5.906487072302214)	('>100', 9.889456572224804)	('>500', 3.0840687412912215)	('>1k', 16.906951540486144)	('>5k', 11.627806161944573)	('>10k+', 23.579501470815917)
Yell_July18_Site1dd_S141_R2_001	(1.0, 6.178665428084843)	(2.0, 1.5940548072457035)	(3.0, 1.0051091500232234)	(4.0, 0.6997987304536306)	(5.0, 0.6007121845486917)	(6.0, 0.5276358569437993)	(7.0, 0.45517882025081285)	(8.0, 0.4285493110388605)	(9.0, 0.3845796562935439)	('>10', 9.354698869794085)	('>50', 4.632605666511844)	('>100', 9.055891004799504)	('>500', 1.0506270320483047)	('>1k', 5.8674717448521445)	('>5k', 4.874438767611085)	('>10k+', 53.289982969499924)
Yell_July18_Site1e_S91_R1_001	(1.0, 17.093546611404335)	(2.0, 6.5602434996600065)	(3.0, 4.80847067966195)	(4.0, 3.84677654372956)	(5.0, 3.335168215523103)	(6.0, 2.4285205452838134)	(7.0, 1.9946248745264386)	(8.0, 1.7355826830294983)	(9.0, 1.573681313343911)	('>10', 11.044911439950782)	('>50', 3.4193569277596083)	('>100', 7.962309361137196)	('>500', 6.281773143800796)	('>1k', 27.915034161189006)	('>5k', 0.0)	('>10k+', 0.0)
Yell_July18_Site1e_S91_R2_001	(1.0, 13.96237412168507)	(2.0, 4.559142570346145)	(3.0, 3.8176342971861543)	(4.0, 2.9919373117896577)	(5.0, 2.768513421623547)	(6.0, 2.0205290936761324)	(7.0, 1.9719586827704563)	(8.0, 1.4765404915325584)	(9.0, 1.4862545737136936)	('>10', 11.43023669980248)	('>50', 1.078263122106013)	('>100', 5.802545089531457)	('>500', 4.785804487905968)	('>1k', 24.08120972703429)	('>5k', 17.76705630929638)	('>10k+', 0.0)
Yell_July18_Site1ee_S142_R1_001	(1.0, 15.48824723015317)	(2.0, 3.894844583310887)	(3.0, 2.2531379626138017)	(4.0, 1.5927741564761444)	(5.0, 1.297383684390095)	(6.0, 0.9939126218822388)	(7.0, 0.920738386395877)	(8.0, 0.933757115408788)	(9.0, 0.8282605182351991)	('>10', 34.410745389574245)	('>50', 10.763795363536785)	('>100', 0.99525938695254)	('>500', 2.1709852933254323)	('>1k', 23.456158307744797)	('>5k', 0.0)	('>10k+', 0.0)
Yell_July18_Site1ee_S142_R2_001	(1.0, 12.740846486738851)	(2.0, 3.2843110847743717)	(3.0, 1.962236707428756)	(4.0, 1.5317208066224928)	(5.0, 1.2143331717215249)	(6.0, 1.2632656359424663)	(7.0, 1.0810034297617124)	(8.0, 1.0091759593456517)	(9.0, 0.8686634703442331)	('>10', 21.27799026737776)	('>50', 14.160336870836252)	('>100', 10.393434969203973)	('>500', 3.9532044030239364)	('>1k', 25.259476736878018)	('>5k', 0.0)	('>10k+', 0.0)
Yell_July18_Site1f_S92_R1_001	(1.0, 3.267889914458275)	(2.0, 1.0477255905285607)	(3.0, 0.7158331615288682)	(4.0, 0.5245387472581697)	(5.0, 0.5120336353712159)	(6.0, 0.39948762838863183)	(7.0, 0.35487479679193185)	(8.0, 0.4244978521625394)	(9.0, 0.3376380209477523)	('>10', 5.199422736997218)	('>50', 2.411458738200413)	('>100', 7.9840069758245775)	('>500', 3.4774350325639873)	('>1k', 11.86261951676192)	('>5k', 18.28889512266839)	('>10k+', 43.19164252954755)
Yell_July18_Site1f_S92_R2_001	(1.0, 2.0312357416376288)	(2.0, 0.5002044754781516)	(3.0, 0.3477773008560932)	(4.0, 0.26767698958020003)	(5.0, 0.27376055752520456)	(6.0, 0.18250703835013637)	(7.0, 0.21765654203238488)	(8.0, 0.16493228650901212)	(9.0, 0.17642347040513182)	('>10', 3.463915992686199)	('>50', 1.4272726350974554)	('>100', 3.6839383666971974)	('>500', 1.4276106110944)	('>1k', 6.466832725539833)	('>5k', 9.599194265223284)	('>10k+', 69.7690610012877)
Yell_July18_Site1g_S93_R1_001	(1.0, 8.570396068227812)	(2.0, 1.7702611544762454)	(3.0, 1.023417172593235)	(4.0, 0.9289775464970608)	(5.0, 0.8215283800713116)	(6.0, 0.8904307603353571)	(7.0, 0.849956634865568)	(8.0, 0.9405415823455718)	(9.0, 0.9280138768430183)	('>10', 25.68516912402428)	('>50', 4.747036715813819)	('>100', 5.481352992194275)	('>500', 1.8550640840319939)	('>1k', 13.408017731521635)	('>5k', 4.4849185699142335)	('>10k+', 27.61491760624458)
Yell_July18_Site1g_S93_R2_001	(1.0, 7.553724583212874)	(2.0, 1.7153319841958177)	(3.0, 1.0537727666955767)	(4.0, 0.7767177411583309)	(5.0, 0.6842054543702419)	(6.0, 0.5753107834634288)	(7.0, 0.5767562879444926)	(8.0, 0.543509684880023)	(9.0, 0.5854293148308759)	('>10', 15.880312228967911)	('>50', 5.72082490122386)	('>100', 8.411390575310783)	('>500', 2.192830297773923)	('>1k', 3.0158041823262987)	('>5k', 8.85997879926761)	('>10k+', 41.85410041437795)
Yell_July18_Site1h_S94_R1_001	(1.0, 11.040429357598212)	(2.0, 4.318095134310467)	(3.0, 2.8891734321364355)	(4.0, 2.2939029041573584)	(5.0, 1.4643382553261048)	(6.0, 1.34855337002125)	(7.0, 0.95352258486351)	(8.0, 0.6320492562523838)	(9.0, 0.4903830436440909)	('>10', 8.696125973955212)	('>50', 2.729798942952106)	('>100', 10.108701574674441)	('>500', 4.463847872282461)	('>1k', 31.06712798997439)	('>5k', 17.503950307851575)	('>10k+', 0.0)
Yell_July18_Site1h_S94_R2_001	(1.0, 8.354220018525583)	(2.0, 2.718901541982237)	(3.0, 1.937013022394159)	(4.0, 1.6019179425706969)	(5.0, 1.3349316188089142)	(6.0, 1.1524001525636136)	(7.0, 0.8677055522257942)	(8.0, 0.8390998746798889)	(9.0, 0.588459652372909)	('>10', 6.943006592927587)	('>50', 2.426033890917016)	('>100', 4.271781180188524)	('>500', 6.592927586770555)	('>1k', 9.385386585299406)	('>5k', 8.015038413338418)	('>10k+', 42.9711763744347)
Yell_July18_Site1k_S100_R1_001	(1.0, 13.968862563723425)	(2.0, 3.352733337345151)	(3.0, 1.8981628740661778)	(4.0, 1.5302218821729152)	(5.0, 1.3410933349380605)	(6.0, 1.248248411750041)	(7.0, 1.0892084970298221)	(8.0, 0.9422040353154578)	(9.0, 0.9593975396095356)	('>10', 20.36054778504681)	('>50', 5.955829887468514)	('>100', 5.432287681713849)	('>500', 3.540142534150598)	('>1k', 15.863586736930788)	('>5k', 6.862787238981113)	('>10k+', 15.654685659757744)
Yell_July18_Site1k_S100_R2_001	(1.0, 9.368740489842937)	(2.0, 2.874753917969791)	(3.0, 1.7460003610635901)	(4.0, 1.2654419160441184)	(5.0, 1.0831907705268948)	(6.0, 0.866552616421516)	(7.0, 0.7341626333571177)	(8.0, 0.7358819837865255)	(9.0, 0.6731256931131419)	('>10', 10.774309465883789)	('>50', 7.4473663849797545)	('>100', 9.779665242471394)	('>500', 1.5517137625405122)	('>1k', 7.204078299218556)	('>5k', 8.142843633675199)	('>10k+', 35.75217282910516)
Yell_July18_Site1m_S102_R1_001	(1.0, 12.499106525934573)	(2.0, 3.216506635534059)	(3.0, 1.924543136927879)	(4.0, 1.365228371971123)	(5.0, 1.1525815443997045)	(6.0, 1.0328560196326033)	(7.0, 0.9464868599747444)	(8.0, 0.8863262729027186)	(9.0, 0.7719615925281742)	('>10', 15.092563913178147)	('>50', 6.080388839913273)	('>100', 7.584999166090872)	('>500', 5.252436205951729)	('>1k', 18.262609897310046)	('>5k', 3.1104810464368255)	('>10k+', 20.820923971313526)
Yell_July18_Site1m_S102_R2_001	(1.0, 8.924614614853112)	(2.0, 2.350432441447666)	(3.0, 1.5189059112244168)	(4.0, 1.1698553763312765)	(5.0, 1.0453646565485692)	(6.0, 0.7540921112196517)	(7.0, 0.7713659431512234)	(8.0, 0.7719615925281742)	(9.0, 0.6861880822472659)	('>10', 11.049295942436444)	('>50', 5.169640942555574)	('>100', 7.343761168425818)	('>500', 1.785161182721403)	('>1k', 4.03254628195659)	('>5k', 8.239617831359748)	('>10k+', 44.387195920993065)
Yell_July18_Site1n_S103_R1_001	(1.0, 10.863193800503378)	(2.0, 2.949894025698768)	(3.0, 1.6690952444032323)	(4.0, 1.1839316465757053)	(5.0, 0.9459034309180023)	(6.0, 0.8419989402569876)	(7.0, 0.7678997218174592)	(8.0, 0.8875347728175917)	(9.0, 0.5886541263743542)	('>10', 15.181232613591202)	('>50', 2.666743939594648)	('>100', 5.8430752417538745)	('>500', 5.045784209829116)	('>1k', 15.996324016426017)	('>5k', 9.641591601536627)	('>10k+', 24.92714266790303)
Yell_July18_Site1n_S103_R2_001	(1.0, 8.067293681282289)	(2.0, 2.2006225990197374)	(3.0, 1.2990131143197776)	(4.0, 1.008411710160286)	(5.0, 0.8299940389455557)	(6.0, 0.6358458073917075)	(7.0, 0.6461948602463903)	(8.0, 0.5795469598622334)	(9.0, 0.4731586965160949)	('>10', 8.828570009272752)	('>50', 5.137269837064512)	('>100', 4.8392171148496494)	('>500', 2.010200026493575)	('>1k', 6.139472115511988)	('>5k', 2.20641806861836)	('>10k+', 55.098771360445085)
Yell_July18_Site1o_S104_R1_001	(1.0, 13.008059873344848)	(2.0, 3.441757819996162)	(3.0, 1.8724812895797354)	(4.0, 1.3759355210132411)	(5.0, 1.1250239877182882)	(6.0, 0.9355210132412205)	(7.0, 0.8563615428900403)	(8.0, 0.7253886010362695)	(9.0, 0.5872193436960277)	('>10', 12.435712914987526)	('>50', 6.315006716561121)	('>100', 6.8542506236806755)	('>500', 5.694204567261562)	('>1k', 16.52082133947419)	('>5k', 14.584532719247745)	('>10k+', 13.667722126271348)
Yell_July18_Site1o_S104_R2_001	(1.0, 9.505373248896564)	(2.0, 2.4246785645749376)	(3.0, 1.6234887737478412)	(4.0, 1.266551525618883)	(5.0, 0.9763001343312224)	(6.0, 0.8088658606793322)	(7.0, 0.6347150259067357)	(8.0, 0.6371137977355594)	(9.0, 0.6044905008635579)	('>10', 10.184225676453655)	('>50', 4.930435616964115)	('>100', 5.861638840913452)	('>500', 1.7405488389944348)	('>1k', 2.7537900594895417)	('>5k', 6.197946651314527)	('>10k+', 49.84983688351564)
Yell_July18_Site1p_S105_R1_001	(1.0, 6.663173047830909)	(2.0, 1.9476260173793514)	(3.0, 1.135140724762489)	(4.0, 0.8102496170286133)	(5.0, 0.682696399469963)	(6.0, 0.5708802813674752)	(7.0, 0.48968717048401045)	(8.0, 0.4240396840603555)	(9.0, 0.39444680858264525)	('>10', 10.093699043082443)	('>50', 11.660435773278941)	('>100', 23.47501671439431)	('>500', 1.4076282003337464)	('>1k', 6.374080621882518)	('>5k', 6.014190050803907)	('>10k+', 27.857009845258307)
Yell_July18_Site1p_S105_R2_001	(1.0, 5.74049179409623)	(2.0, 1.3775462573983832)	(3.0, 0.7900632946843668)	(4.0, 0.5627438899157937)	(5.0, 0.4583730092048021)	(6.0, 0.4150562930599899)	(7.0, 0.3659515674303105)	(8.0, 0.32786273082021694)	(9.0, 0.2982691984540413)	('>10', 8.515842342090032)	('>50', 6.591142478388319)	('>100', 21.47491551373252)	('>500', 3.851826957187401)	('>1k', 4.536119046285405)	('>5k', 2.875240389103605)	('>10k+', 41.81855523814858)
Yell_July18_Site1q_S106_R1_001	(1.0, 8.20697622517165)	(2.0, 1.7027030575138171)	(3.0, 0.8782639517939428)	(4.0, 0.7351686293043467)	(5.0, 0.5579404775970488)	(6.0, 0.42534756409751484)	(7.0, 0.3997479421842385)	(8.0, 0.30456986071180076)	(9.0, 0.3662715135284156)	('>10', 5.348351778189122)	('>50', 2.9662741391306633)	('>100', 7.0412088272747555)	('>500', 5.996875533325457)	('>1k', 18.561038688249116)	('>5k', 0.0)	('>10k+', 46.50926181192811)
Yell_July18_Site1q_S106_R2_001	(1.0, 6.097961219854804)	(2.0, 1.0056056607984456)	(3.0, 0.5395612618644402)	(4.0, 0.4043427461173907)	(5.0, 0.32163627532065164)	(6.0, 0.330825883186956)	(7.0, 0.28028303992228215)	(8.0, 0.23630420227639715)	(9.0, 0.21858138710566738)	('>10', 3.813687264516298)	('>50', 1.543854121539128)	('>100', 3.662058734722277)	('>500', 0.9616268231525607)	('>1k', 5.148806007377942)	('>5k', 0.0)	('>10k+', 75.43486537224476)
Yell_July18_Site1r_S111_R1_001	(1.0, 9.241353884211028)	(2.0, 2.5236668093810954)	(3.0, 1.436063936063936)	(4.0, 1.0418153275296134)	(5.0, 0.894938394938395)	(6.0, 0.7456828885400314)	(7.0, 0.7242757242757243)	(8.0, 0.6422149279292136)	(9.0, 0.6368631368631369)	('>10', 17.233361876219018)	('>50', 5.749012891870034)	('>100', 5.498667998667998)	('>500', 3.739118024832311)	('>1k', 14.743589743589745)	('>5k', 5.251296322724895)	('>10k+', 29.898078112363823)
Yell_July18_Site1r_S111_R2_001	(1.0, 7.357523428952001)	(2.0, 1.8291232576946863)	(3.0, 1.14706721849579)	(4.0, 0.8824508824508824)	(5.0, 0.856286570572285)	(6.0, 0.6957328385899815)	(7.0, 0.5494505494505495)	(8.0, 0.5518291232576947)	(9.0, 0.5030683602112174)	('>10', 10.588815945958803)	('>50', 5.087769373483659)	('>100', 8.454640597497741)	('>500', 1.904048332619761)	('>1k', 4.455068740783027)	('>5k', 0.0)	('>10k+', 55.137124779981924)
Yell_July18_Site1s_S112_R1_001	(1.0, 11.745645205377333)	(2.0, 3.186641154983475)	(3.0, 1.8457868449171286)	(4.0, 1.3855825857913178)	(5.0, 1.0933578510548418)	(6.0, 0.8587828939194395)	(7.0, 0.852322142981388)	(8.0, 0.8826379743060905)	(9.0, 0.7737991700419949)	('>10', 15.95954575951097)	('>50', 7.298660636632458)	('>100', 7.366250031061303)	('>500', 2.304997142360162)	('>1k', 17.800859776855603)	('>5k', 13.818552294809036)	('>10k+', 12.82657853539746)
Yell_July18_Site1s_S112_R2_001	(1.0, 8.976467957160251)	(2.0, 2.205600974082449)	(3.0, 1.3597395820391123)	(4.0, 1.0615510772059737)	(5.0, 0.8970504187063589)	(6.0, 0.8319459284844569)	(7.0, 0.6853365802748304)	(8.0, 0.763362572372835)	(9.0, 0.670924135874562)	('>10', 12.121859702308475)	('>50', 5.808215093308153)	('>100', 6.720671918097558)	('>500', 2.248838307283254)	('>1k', 3.1816713465695896)	('>5k', 10.394354297641826)	('>10k+', 42.07241010859031)
Yell_July18_Site1t_S113_R1_001	(1.0, 11.62606872883179)	(2.0, 2.9556699535237407)	(3.0, 1.7409836557655076)	(4.0, 1.194674991370124)	(5.0, 0.9855568396143821)	(6.0, 0.8194629965930751)	(7.0, 0.8089570607393176)	(8.0, 0.7404183363600434)	(9.0, 0.7519248375332063)	('>10', 15.915992535782717)	('>50', 6.467654224636919)	('>100', 6.584720367007359)	('>500', 4.786204205376037)	('>1k', 11.359918353869936)	('>5k', 14.534712112343474)	('>10k+', 18.727080800652367)
Yell_July18_Site1t_S113_R2_001	(1.0, 8.347216177140083)	(2.0, 2.1011871707514747)	(3.0, 1.4333098200483274)	(4.0, 1.1326399415669854)	(5.0, 1.0030667327039777)	(6.0, 0.8014528208437767)	(7.0, 0.6898897877300675)	(8.0, 0.6843866784733375)	(9.0, 0.6213510633507933)	('>10', 10.963694487385373)	('>50', 5.131899523230625)	('>100', 7.719361439213156)	('>500', 1.3637705303496477)	('>1k', 7.686843066332477)	('>5k', 4.843736711241851)	('>10k+', 45.476194049638046)
Yell_July18_Site1v_S117_R1_001	(1.0, 9.04890539117012)	(2.0, 2.577206687595824)	(3.0, 1.9587188018231312)	(4.0, 1.6833717498096559)	(5.0, 1.4758184795419227)	(6.0, 1.505021954755473)	(7.0, 1.4090676790538075)	(8.0, 1.2056863338165813)	(9.0, 1.2578353966979214)	('>10', 16.59331031821358)	('>50', 3.590462979380261)	('>100', 6.33871859322688)	('>500', 4.672034543539253)	('>1k', 10.88768134836617)	('>5k', 13.708424159617852)	('>10k+', 22.087735583391567)
Yell_July18_Site1v_S117_R2_001	(1.0, 7.231510549755421)	(2.0, 1.9764494832027868)	(3.0, 1.40333128213686)	(4.0, 1.2745230968199501)	(5.0, 1.0612334296352695)	(6.0, 0.9073936941353163)	(7.0, 0.9235599036285317)	(8.0, 0.7926657557963684)	(9.0, 0.7462530898319757)	('>10', 11.889464846316713)	('>50', 4.998487677176441)	('>100', 3.8788472971140706)	('>500', 2.0630169275858115)	('>1k', 3.6446980047768545)	('>5k', 11.773693926720137)	('>10k+', 45.43487103536749)
Yell_July18_Site1w_S118_R1_001	(1.0, 7.826156563155077)	(2.0, 2.0131978527223695)	(3.0, 1.2217269275218756)	(4.0, 0.9385584422731525)	(5.0, 0.840500097558047)	(6.0, 0.8855268884986566)	(7.0, 0.6548896593473117)	(8.0, 0.6043595939584052)	(9.0, 0.6303750731685352)	('>10', 10.646334569068596)	('>50', 6.170171251894877)	('>100', 9.616221651882869)	('>500', 2.938748555390457)	('>1k', 16.089573296111187)	('>5k', 17.698030328045185)	('>10k+', 21.225629249403394)
Yell_July18_Site1w_S118_R2_001	(1.0, 6.233208759211731)	(2.0, 1.2877662209014362)	(3.0, 0.835997418463986)	(4.0, 0.644383408127836)	(5.0, 0.5278140493593688)	(6.0, 0.4652768397196332)	(7.0, 0.5428229796729054)	(8.0, 0.4482667186976251)	(9.0, 0.44126255121797475)	('>10', 9.357567752812923)	('>50', 4.38360824690691)	('>100', 5.146061906834567)	('>500', 1.3448001560928753)	('>1k', 7.136746364086631)	('>5k', 7.7250964323772635)	('>10k+', 53.47932019551634)
Yell_July18_Site1x_S119_R1_001	(1.0, nan)	(2.0, nan)	(3.0, nan)	(4.0, nan)	(5.0, nan)	(6.0, nan)	(7.0, nan)	(8.0, nan)	(9.0, nan)	('>10', nan)	('>50', nan)	('>100', nan)	('>500', nan)	('>1k', nan)	('>5k', nan)	('>10k+', nan)
Yell_July18_Site1x_S119_R2_001	(1.0, nan)	(2.0, nan)	(3.0, nan)	(4.0, nan)	(5.0, nan)	(6.0, nan)	(7.0, nan)	(8.0, nan)	(9.0, nan)	('>10', nan)	('>50', nan)	('>100', nan)	('>500', nan)	('>1k', nan)	('>5k', nan)	('>10k+', nan)
Yell_July18_Site1y_S120_R1_001	(1.0, 10.281952142417259)	(2.0, 2.533188579700208)	(3.0, 1.6037178827876502)	(4.0, 1.2748477864756933)	(5.0, 1.0634312959894354)	(6.0, 0.933280003047445)	(7.0, 0.7466240024379559)	(8.0, 0.7669403018240228)	(9.0, 0.6342494714587738)	('>10', 9.598181691204948)	('>50', 7.34878641855386)	('>100', 15.489908513164327)	('>500', 4.622592994686018)	('>1k', 14.87724510980325)	('>5k', 3.324889371400999)	('>10k+', 24.900164435048154)
Yell_July18_Site1y_S120_R2_001	(1.0, 8.211594258105887)	(2.0, 2.0278206324717956)	(3.0, 1.2704035959849913)	(4.0, 0.8329682748287399)	(5.0, 0.7174193220704849)	(6.0, 0.6590099613355428)	(7.0, 0.599965716244786)	(8.0, 0.5739354576563879)	(9.0, 0.4856865321981601)	('>10', 10.827317804061991)	('>50', 4.59656273609762)	('>100', 10.559396605908233)	('>500', 2.717939927242253)	('>1k', 7.355135262112006)	('>5k', 5.103835336393476)	('>10k+', 43.46100857728764)
Yell_July18_Site1z_S129_R1_001	(1.0, 7.589361920043699)	(2.0, 2.071626096753269)	(3.0, 1.3949677375302993)	(4.0, 1.2536273940800928)	(5.0, 1.140281997883309)	(6.0, 0.9996244580246493)	(7.0, 0.8029770236591445)	(8.0, 0.7756648799972687)	(9.0, 0.6391041616878905)	('>10', 10.303506196442594)	('>50', 4.539278276603735)	('>100', 8.106244238844697)	('>500', 3.6803113584377454)	('>1k', 6.722201358779147)	('>5k', 31.634290396367486)	('>10k+', 18.346932504864977)
Yell_July18_Site1z_S129_R2_001	(1.0, 5.71779727561367)	(2.0, 1.2577242156293742)	(3.0, 0.8480420607012392)	(4.0, 0.680072377180704)	(5.0, 0.5701409989416545)	(6.0, 0.4875217643644805)	(7.0, 0.4827421392236523)	(8.0, 0.47523129971663647)	(9.0, 0.47932812126591784)	('>10', 8.4572052848998)	('>50', 3.6748489297053704)	('>100', 3.2569731316786728)	('>500', 2.404151445836605)	('>1k', 10.080912225598308)	('>5k', 0.0)	('>10k+', 61.127308729643914)
Yell_July18_Site5J_S107_R1_001	(1.0, 28.57142857142857)	(2.0, 5.714285714285714)	(3.0, 0.0)	(4.0, 5.714285714285714)	(5.0, 7.142857142857142)	(6.0, 0.0)	(7.0, 0.0)	(8.0, 0.0)	(9.0, 12.857142857142856)	('>10', 40.0)	('>50', 0.0)	('>100', 0.0)	('>500', 0.0)	('>1k', 0.0)	('>5k', 0.0)	('>10k+', 0.0)
Yell_July18_Site5J_S107_R2_001	(1.0, 15.714285714285714)	(2.0, 2.857142857142857)	(3.0, 0.0)	(4.0, 5.714285714285714)	(5.0, 0.0)	(6.0, 8.571428571428571)	(7.0, 0.0)	(8.0, 0.0)	(9.0, 0.0)	('>10', 67.14285714285714)	('>50', 0.0)	('>100', 0.0)	('>500', 0.0)	('>1k', 0.0)	('>5k', 0.0)	('>10k+', 0.0)
Yell_July18_Site5L_S109_R1_001	(1.0, 12.51664731139262)	(2.0, 3.1131804089112394)	(3.0, 1.8810130088750148)	(4.0, 1.3765328844330325)	(5.0, 1.094727197178747)	(6.0, 0.9588851362149607)	(7.0, 0.7756315324049905)	(8.0, 0.6946590097912827)	(9.0, 0.757519257609819)	('>10', 14.915991007788278)	('>50', 4.965426863699805)	('>100', 4.62715349620175)	('>500', 2.0120606441577262)	('>1k', 7.309901021745384)	('>5k', 10.440128277522668)	('>10k+', 32.560542942072686)
Yell_July18_Site5L_S109_R2_001	(1.0, 9.176530753577174)	(2.0, 2.260838065609052)	(3.0, 1.5517957787745447)	(4.0, 1.206064415772595)	(5.0, 0.9695394155062381)	(6.0, 0.9109408794042126)	(7.0, 0.7681735369010964)	(8.0, 0.8949594604672966)	(9.0, 0.8246412171448663)	('>10', 11.98606420268701)	('>50', 4.648994768748868)	('>100', 5.691515997400356)	('>500', 0.3153666670218093)	('>1k', 2.19584696193226)	('>5k', 9.260699559978265)	('>10k+', 47.338028319074354)
Yell_July18_Site5a_S87_R1_001	(1.0, 5.545557015549978)	(2.0, 1.757390443333188)	(3.0, 1.0293998592593052)	(4.0, 0.8344802246869142)	(5.0, 0.6725661512401995)	(6.0, 0.5828906644081729)	(7.0, 0.5187477814658206)	(8.0, 0.38361180478144713)	(9.0, 0.45958687001413634)	('>10', 7.699636938827617)	('>50', 2.372663922430704)	('>100', 5.532479340386975)	('>500', 2.4430342697363914)	('>1k', 7.469220757384217)	('>5k', 4.262699356702932)	('>10k+', 58.436034599791995)
Yell_July18_Site5a_S87_R2_001	(1.0, 4.765878477260413)	(2.0, 1.3326773737537287)	(3.0, 0.8836771931572621)	(4.0, 0.5928546073895092)	(5.0, 0.432808773251795)	(6.0, 0.40727616936212085)	(7.0, 0.326941879075097)	(8.0, 0.26404448900541166)	(9.0, 0.25781702464207645)	('>10', 5.186855068221872)	('>50', 2.3265806861420235)	('>100', 3.147983235665934)	('>500', 1.1271710497636678)	('>1k', 4.719795240971734)	('>5k', 5.829529390518063)	('>10k+', 68.39810934181929)
Yell_July18_Site5aa_S132_R1_001	(1.0, 9.41241298003146)	(2.0, 2.257313201405775)	(3.0, 1.2936461406864206)	(4.0, 0.982889143047533)	(5.0, 0.7784943342912337)	(6.0, 0.66508404855498)	(7.0, 0.6010104407943846)	(8.0, 0.48695941898052486)	(9.0, 0.42384691533633834)	('>10', 8.353276243748818)	('>50', 5.635594170583166)	('>100', 16.843349640066506)	('>500', 4.0267058797146165)	('>1k', 14.33262531996758)	('>5k', 3.1405678843855824)	('>10k+', 30.766224238405083)
Yell_July18_Site5aa_S132_R2_001	(1.0, 7.061872679334019)	(2.0, 1.6133734434117915)	(3.0, 0.9380376176151163)	(4.0, 0.7099355739873967)	(5.0, 0.5478293463530904)	(6.0, 0.43057464415120095)	(7.0, 0.3700250848174383)	(8.0, 0.374189869321877)	(9.0, 0.3546474189548954)	('>10', 6.66269410298551)	('>50', 4.758106112301812)	('>100', 13.015271944409736)	('>500', 1.5467368913407724)	('>1k', 6.012987720293072)	('>5k', 0.0)	('>10k+', 55.603717550722266)
Yell_July18_Site5b_S88_R1_001	(1.0, 8.016248153618907)	(2.0, 2.257016248153619)	(3.0, 1.7784342688330872)	(4.0, 1.7252584933530282)	(5.0, 1.5854258985721321)	(6.0, 1.4859675036927622)	(7.0, 1.430329886755293)	(8.0, 1.1422944362383063)	(9.0, 1.0812407680945346)	('>10', 11.125553914327917)	('>50', 7.329394387001477)	('>100', 6.9689807976366325)	('>500', 2.7680945347119645)	('>1k', 8.341703594288528)	('>5k', 6.149187592319055)	('>10k+', 36.81486952240276)
Yell_July18_Site5b_S88_R2_001	(1.0, 6.535204332840965)	(2.0, 1.8463810930576072)	(3.0, 1.2097488921713442)	(4.0, 1.0950270802560316)	(5.0, 0.9158050221565732)	(6.0, 0.9010339734121122)	(7.0, 0.7996061053668143)	(8.0, 0.8311176760216641)	(9.0, 0.8197932053175776)	('>10', 11.149679960610538)	('>50', 3.3298867552929594)	('>100', 8.245199409158051)	('>500', 2.171344165435746)	('>1k', 4.405711472181192)	('>5k', 4.79369768586903)	('>10k+', 50.9507631708518)
Yell_July18_Site5bb_S133_R1_001	(1.0, 8.971297516020174)	(2.0, 2.2032003610771436)	(3.0, 1.2398906272140904)	(4.0, 0.8208207157514656)	(5.0, 0.6573388404595337)	(6.0, 0.5668071438692985)	(7.0, 0.5694312510168416)	(8.0, 0.49963000089219645)	(9.0, 0.5242966080791011)	('>10', 8.07805144299652)	('>50', 7.04599010186784)	('>100', 17.535858424171174)	('>500', 6.696983851244615)	('>1k', 9.769026088873261)	('>5k', 1.4345993775617845)	('>10k+', 33.38677764890496)
Yell_July18_Site5bb_S133_R2_001	(1.0, 7.314436263061494)	(2.0, 1.737158931673498)	(3.0, 0.9171254480662954)	(4.0, 0.684367144079227)	(5.0, 0.5221973223610666)	(6.0, 0.47076482226922295)	(7.0, 0.4059493757249096)	(8.0, 0.34428285775764794)	(9.0, 0.33299919702321285)	('>10', 6.708267511979049)	('>50', 4.331088847019802)	('>100', 18.264835389758634)	('>500', 3.003028219648265)	('>1k', 4.087834114442561)	('>5k', 0.0)	('>10k+', 50.87566455513512)
Yell_July18_Site5c_S89_R1_001	(1.0, 16.013071895424837)	(2.0, 3.8050863909920407)	(3.0, 2.5965831877305376)	(4.0, 2.0060829612373)	(5.0, 1.6582540607001877)	(6.0, 1.24247718889536)	(7.0, 0.9172976121141527)	(8.0, 0.9189154209538601)	(9.0, 0.7134536983110076)	('>10', 16.280010353976575)	('>50', 1.24247718889536)	('>100', 6.914514980909855)	('>500', 5.5086390992040375)	('>1k', 31.176794150003236)	('>5k', 9.006341810651653)	('>10k+', 0.0)
Yell_July18_Site5c_S89_R2_001	(1.0, 11.355400245906944)	(2.0, 2.9282339998705753)	(3.0, 2.0432925645505726)	(4.0, 1.50779783860739)	(5.0, 1.2618908949718501)	(6.0, 1.2910114540865851)	(7.0, 0.9399469358700576)	(8.0, 0.89303047951854)	(9.0, 0.7425742574257426)	('>10', 13.554002459069437)	('>50', 3.7290493755257876)	('>100', 3.7436096550831555)	('>500', 2.527017407623115)	('>1k', 8.385103216203973)	('>5k', 20.2112858344658)	('>10k+', 24.886753381220476)
Yell_July18_Site5cc_S134_R1_001	(1.0, 8.300954551398203)	(2.0, 2.64883342984701)	(3.0, 1.5929426708759082)	(4.0, 1.2263463657930622)	(5.0, 0.9363383333644668)	(6.0, 0.8434050025218089)	(7.0, 0.8041768628696319)	(8.0, 0.7434666467412624)	(9.0, 0.6934974688509892)	('>10', 10.608876767601293)	('>50', 3.4340967253843426)	('>100', 16.162694039190782)	('>500', 2.6268843517082923)	('>1k', 10.732165206508135)	('>5k', 3.2118039340220053)	('>10k+', 35.43351764332281)
Yell_July18_Site5cc_S134_R2_001	(1.0, 5.799226645246857)	(2.0, 1.6643939252423738)	(3.0, 1.1060934376926381)	(4.0, 0.8676890889731568)	(5.0, 0.7121775353520259)	(6.0, 0.602432144658435)	(7.0, 0.527945379485551)	(8.0, 0.5099658154783031)	(9.0, 0.42240300375469336)	('>10', 9.308043636635347)	('>50', 3.744886331795341)	('>100', 8.383847346496553)	('>500', 5.30397138213812)	('>1k', 5.61242598023649)	('>5k', 0.0)	('>10k+', 55.43449834681411)
Yell_July18_Site5d_S90_R1_001	(1.0, nan)	(2.0, nan)	(3.0, nan)	(4.0, nan)	(5.0, nan)	(6.0, nan)	(7.0, nan)	(8.0, nan)	(9.0, nan)	('>10', nan)	('>50', nan)	('>100', nan)	('>500', nan)	('>1k', nan)	('>5k', nan)	('>10k+', nan)
Yell_July18_Site5d_S90_R2_001	(1.0, nan)	(2.0, nan)	(3.0, nan)	(4.0, nan)	(5.0, nan)	(6.0, nan)	(7.0, nan)	(8.0, nan)	(9.0, nan)	('>10', nan)	('>50', nan)	('>100', nan)	('>500', nan)	('>1k', nan)	('>5k', nan)	('>10k+', nan)
Yell_July18_Site5dd_S135_R1_001	(1.0, nan)	(2.0, nan)	(3.0, nan)	(4.0, nan)	(5.0, nan)	(6.0, nan)	(7.0, nan)	(8.0, nan)	(9.0, nan)	('>10', nan)	('>50', nan)	('>100', nan)	('>500', nan)	('>1k', nan)	('>5k', nan)	('>10k+', nan)
Yell_July18_Site5dd_S135_R2_001	(1.0, nan)	(2.0, nan)	(3.0, nan)	(4.0, nan)	(5.0, nan)	(6.0, nan)	(7.0, nan)	(8.0, nan)	(9.0, nan)	('>10', nan)	('>50', nan)	('>100', nan)	('>500', nan)	('>1k', nan)	('>5k', nan)	('>10k+', nan)
Yell_July18_Site5e_S95_R1_001	(1.0, 3.531655465289093)	(2.0, 1.031462173515877)	(3.0, 0.6932731599339086)	(4.0, 0.557825739591596)	(5.0, 0.45674130115430983)	(6.0, 0.4243828265270766)	(7.0, 0.3427707445026388)	(8.0, 0.309266837145238)	(9.0, 0.306689613502361)	('>10', 4.802513079409987)	('>50', 2.542287944606873)	('>100', 6.753471377067864)	('>500', 3.7816461586481602)	('>1k', 9.82265837755181)	('>5k', 6.404687110731845)	('>10k+', 58.23866809082136)
Yell_July18_Site5e_S95_R2_001	(1.0, 2.2619432838983657)	(2.0, 0.5263263395119884)	(3.0, 0.38744262097917315)	(4.0, 0.30583053895473533)	(5.0, 0.23051833694621907)	(6.0, 0.22164123328742058)	(7.0, 0.16236508950124995)	(8.0, 0.22679568057317454)	(9.0, 0.18040565500138883)	('>10', 2.8203417398550457)	('>50', 1.845578486482462)	('>100', 4.09864466672203)	('>500', 1.107633450072019)	('>1k', 3.093241087817464)	('>5k', 3.3967807613118643)	('>10k+', 79.1345110290854)
Yell_July18_Site5ee_S136_R1_001	(1.0, 6.033171264817471)	(2.0, 1.5250585247418391)	(3.0, 1.0674167768856764)	(4.0, 0.8780263656290557)	(5.0, 0.7560092646063473)	(6.0, 0.6743540545071813)	(7.0, 0.5628931403413995)	(8.0, 0.5166322038213396)	(9.0, 0.5141483951491217)	('>10', 8.242208602671337)	('>50', 5.493253354694088)	('>100', 5.157007755692579)	('>500', 1.7035822730575065)	('>1k', 14.138149438348762)	('>5k', 9.164322572232262)	('>10k+', 43.573766012804036)
Yell_July18_Site5ee_S136_R2_001	(1.0, 4.664903162509392)	(2.0, 1.0624491595412404)	(3.0, 0.6901883347925709)	(4.0, 0.49924554311581376)	(5.0, 0.42535223511732895)	(6.0, 0.3446284532702446)	(7.0, 0.3433865489341356)	(8.0, 0.3452494054382991)	(9.0, 0.2822227603807679)	('>10', 7.333445104723584)	('>50', 2.9945418304428006)	('>100', 5.147072521003707)	('>500', 1.0233291729538074)	('>1k', 6.005228417255019)	('>5k', 3.727886340915159)	('>10k+', 65.11087100960613)
Yell_July18_Site5f_S96_R1_001	(1.0, 35.65306822077477)	(2.0, 7.861958633299052)	(3.0, 4.662324305793623)	(4.0, 2.6968346474688607)	(5.0, 1.599817163752714)	(6.0, 1.0284538909838876)	(7.0, 0.799908581876357)	(8.0, 0.6399268655010856)	(9.0, 0.30853616729516625)	('>10', 5.485087418580734)	('>50', 3.896697520283396)	('>100', 10.090275397097475)	('>500', 6.205005142269455)	('>1k', 19.072106045023425)	('>5k', 0.0)	('>10k+', 0.0)
Yell_July18_Site5f_S96_R2_001	(1.0, 21.58610444520626)	(2.0, 6.239286938635584)	(3.0, 3.0853616729516626)	(4.0, 2.8796708947548852)	(5.0, 1.7712261455833618)	(6.0, 1.5083990401097016)	(7.0, 0.8798994400639927)	(8.0, 0.4570906182150611)	(9.0, 1.336990058279054)	('>10', 4.570906182150612)	('>50', 2.46828933836133)	('>100', 6.02216889498343)	('>500', 13.609873157353444)	('>1k', 33.584733173351616)	('>5k', 0.0)	('>10k+', 0.0)
Yell_July18_Site5ff_S137_R1_001	(1.0, 10.595305686371978)	(2.0, 2.627741353355117)	(3.0, 1.3873739313168625)	(4.0, 1.0375267097163292)	(5.0, 0.8457586030612221)	(6.0, 0.7378595946483977)	(7.0, 0.6711883732928752)	(8.0, 0.629489411526347)	(9.0, 0.6021612783912211)	('>10', 12.569527718030207)	('>50', 4.53058041656556)	('>100', 13.06261205123554)	('>500', 1.7756218917193403)	('>1k', 13.847353529451953)	('>5k', 13.494914846950676)	('>10k+', 21.584984604366376)
Yell_July18_Site5ff_S137_R2_001	(1.0, 8.54640246330138)	(2.0, 1.9845878752612074)	(3.0, 1.1195111091217067)	(4.0, 0.8452874283519959)	(5.0, 0.6643563400090937)	(6.0, 0.5654096510715692)	(7.0, 0.4897861102407467)	(8.0, 0.3863632615655722)	(9.0, 0.4516209587934158)	('>10', 9.101917445479197)	('>50', 5.498844444025623)	('>100', 12.504270020802362)	('>500', 3.546532036346417)	('>1k', 5.03850675311152)	('>5k', 4.149635664156091)	('>10k+', 45.1069684383621)
Yell_July18_Site5g_S97_R1_001	(1.0, 25.72136349297656)	(2.0, 7.017869403054314)	(3.0, 3.9941734241338995)	(4.0, 2.5755692045053906)	(5.0, 1.9298213059694571)	(6.0, 1.5030339017646732)	(7.0, 1.2079939136404965)	(8.0, 1.2469614592418028)	(9.0, 1.0938746729509565)	('>10', 22.82755933272717)	('>50', 10.254959084077118)	('>100', 20.626820804958157)	('>500', 0.0)	('>1k', 0.0)	('>5k', 0.0)	('>10k+', 0.0)
Yell_July18_Site5g_S97_R2_001	(1.0, 20.83835890965096)	(2.0, 5.3014417991872484)	(3.0, 3.0589523297025476)	(4.0, 2.4011430480043052)	(5.0, 1.957655267113247)	(6.0, 1.5587018240522537)	(7.0, 1.5392180512516003)	(8.0, 1.3137629659868995)	(9.0, 1.160676179696053)	('>10', 24.212762798983135)	('>50', 12.891763003098847)	('>100', 19.617375814143365)	('>500', 4.148188009129539)	('>1k', 0.0)	('>5k', 0.0)	('>10k+', 0.0)
Yell_July18_Site5gg_S138_R1_001	(1.0, nan)	(2.0, nan)	(3.0, nan)	(4.0, nan)	(5.0, nan)	(6.0, nan)	(7.0, nan)	(8.0, nan)	(9.0, nan)	('>10', nan)	('>50', nan)	('>100', nan)	('>500', nan)	('>1k', nan)	('>5k', nan)	('>10k+', nan)
Yell_July18_Site5gg_S138_R2_001	(1.0, nan)	(2.0, nan)	(3.0, nan)	(4.0, nan)	(5.0, nan)	(6.0, nan)	(7.0, nan)	(8.0, nan)	(9.0, nan)	('>10', nan)	('>50', nan)	('>100', nan)	('>500', nan)	('>1k', nan)	('>5k', nan)	('>10k+', nan)
Yell_July18_Site5h_S98_R1_001	(1.0, 2.712380104265227)	(2.0, 0.7898077692701169)	(3.0, 0.4420803218599178)	(4.0, 0.3615093279477985)	(5.0, 0.2570850792590649)	(6.0, 0.28146840636404835)	(7.0, 0.2226303779150665)	(8.0, 0.26927674281155667)	(9.0, 0.17412875986928417)	('>10', 4.8438009366378045)	('>50', 2.802492400087992)	('>100', 5.909511352824093)	('>500', 2.670239354159875)	('>1k', 6.224109279711216)	('>5k', 4.392179312867241)	('>10k+', 67.6473004741497)
Yell_July18_Site5h_S98_R2_001	(1.0, 1.7378421285584418)	(2.0, 0.35196802603715277)	(3.0, 0.20593309957143655)	(4.0, 0.13675866071925516)	(5.0, 0.11264036977845628)	(6.0, 0.11767605689796373)	(7.0, 0.11131518895753326)	(8.0, 0.09541301910645707)	(9.0, 0.10972497197242563)	('>10', 2.2901774947191544)	('>50', 1.8756609339344354)	('>100', 4.057438637502087)	('>500', 1.4293400334475639)	('>1k', 2.716620682892181)	('>5k', 0.0)	('>10k+', 84.65149069590545)
Yell_July18_Site5k_S108_R1_001	(1.0, 14.847870834941466)	(2.0, 3.36742570436125)	(3.0, 2.1758008490930143)	(4.0, 1.8011063939276983)	(5.0, 1.656374630129937)	(6.0, 1.7271323813199537)	(7.0, 1.5421973498005919)	(8.0, 1.4151550238003345)	(9.0, 1.2736395214203011)	('>10', 13.413418242634762)	('>50', 2.749903512157468)	('>100', 7.661134697028174)	('>500', 5.950083622796861)	('>1k', 26.844525923067025)	('>5k', 13.574231313521162)	('>10k+', 0.0)
Yell_July18_Site5k_S108_R2_001	(1.0, 12.577190274025474)	(2.0, 3.045799562588447)	(3.0, 1.949054419143188)	(4.0, 1.5052103434967194)	(5.0, 1.3106265277241733)	(6.0, 1.071015052103435)	(7.0, 0.9118101119258974)	(8.0, 0.7847677859256401)	(9.0, 0.7960247008876882)	('>10', 11.938762382606457)	('>50', 2.9477035893477423)	('>100', 4.682876624212016)	('>500', 7.132059693811913)	('>1k', 3.110124790943008)	('>5k', 22.727711308375145)	('>10k+', 23.509262832883056)
Yell_July18_Site5m_S110_R1_001	(1.0, 12.550909195204497)	(2.0, 3.020543960141276)	(3.0, 1.8929616245052485)	(4.0, 1.2160844375609476)	(5.0, 1.0079406052560416)	(6.0, 0.9538559874130345)	(7.0, 0.9464808122526243)	(8.0, 0.7997967729511354)	(9.0, 0.6563905892764953)	('>10', 16.058214715932838)	('>50', 2.3338332063164278)	('>100', 4.781571895665855)	('>500', 1.8913226966918242)	('>1k', 19.291819291819294)	('>5k', 14.170989338774573)	('>10k+', 18.42728487023789)
Yell_July18_Site5m_S110_R2_001	(1.0, 9.388597979202006)	(2.0, 2.484614565151478)	(3.0, 1.482410207242422)	(4.0, 1.160360891904516)	(5.0, 0.9300915341183799)	(6.0, 0.9341888536519408)	(7.0, 0.8260196179659267)	(8.0, 0.7670182166826461)	(9.0, 0.6711409395973155)	('>10', 9.986806631101933)	('>50', 4.120264522949086)	('>100', 6.163188042382673)	('>500', 0.0)	('>1k', 7.155558833411183)	('>5k', 0.0)	('>10k+', 53.92973916463849)
Yell_July18_Site5n_S115_R1_001	(1.0, 15.233215770816233)	(2.0, 3.867836879752487)	(3.0, 2.091770924474351)	(4.0, 1.5334241360959022)	(5.0, 1.258309805796343)	(6.0, 1.250191678017012)	(7.0, 0.9344867088207969)	(8.0, 0.9669592199381217)	(9.0, 0.8686396723884434)	('>10', 11.709046300388769)	('>50', 2.7655755301588445)	('>100', 11.217448562640376)	('>500', 5.219956162109991)	('>1k', 20.759856760145404)	('>5k', 20.323281888456922)	('>10k+', 0.0)
Yell_July18_Site5n_S115_R2_001	(1.0, 10.908959707025788)	(2.0, 2.632077428898731)	(3.0, 1.6804524503215683)	(4.0, 1.2231312520859077)	(5.0, 1.2763500897504128)	(6.0, 0.7901644371882413)	(7.0, 0.8587175162137053)	(8.0, 0.642234108764872)	(9.0, 0.6332139667878373)	('>10', 11.281491570677323)	('>50', 3.430359993866303)	('>100', 3.6910420970026068)	('>500', 2.5932908183974814)	('>1k', 11.096578660148111)	('>5k', 0.0)	('>10k+', 47.26193590287111)
Yell_July18_Site5o_S116_R1_001	(1.0, 11.37617008925332)	(2.0, 2.824541034758)	(3.0, 1.776902982367027)	(4.0, 1.2698643059284522)	(5.0, 0.875299325157826)	(6.0, 0.6421885204266744)	(7.0, 0.6920760467310064)	(8.0, 0.4789202525215877)	(9.0, 0.5142950439010231)	('>10', 12.28503011392497)	('>50', 7.8395979972425796)	('>100', 12.218815760830129)	('>500', 7.200130614614324)	('>1k', 5.878564690515928)	('>5k', 18.163594804440898)	('>10k+', 15.964008417386255)
Yell_July18_Site5o_S116_R2_001	(1.0, 8.653218198969597)	(2.0, 1.8612582541179885)	(3.0, 1.2109063202960597)	(4.0, 0.7582903998258472)	(5.0, 0.8163413395254335)	(6.0, 0.6040925912488209)	(7.0, 0.5523909730788766)	(8.0, 0.5732530295334156)	(9.0, 0.3183731224149191)	('>10', 11.592954067193963)	('>50', 7.133009215586678)	('>100', 7.431427327479864)	('>500', 2.1451636310862785)	('>1k', 8.635077280313475)	('>5k', 5.173790000725637)	('>10k+', 42.54045424860315)
Yell_July18_Site5p_S121_R1_001	(1.0, 11.997400375353967)	(2.0, 3.61560040055441)	(3.0, 2.069089003985649)	(4.0, 1.4589730156309064)	(5.0, 1.2799172364398406)	(6.0, 0.895278895955329)	(7.0, 0.8866576917720553)	(8.0, 0.700307047502835)	(9.0, 0.7341286946833697)	('>10', 14.288651179447049)	('>50', 2.392052576082127)	('>100', 4.880264737285382)	('>500', 3.1818875131804947)	('>1k', 13.259412033874701)	('>5k', 14.036646749474437)	('>10k+', 24.323732848777446)
Yell_July18_Site5p_S121_R2_001	(1.0, 7.989203599684331)	(2.0, 2.2375340703357627)	(3.0, 1.474225915339775)	(4.0, 1.2069685856582952)	(5.0, 0.9947543288392544)	(6.0, 0.8634467574324728)	(7.0, 0.8309514493570572)	(8.0, 0.5782838498318865)	(9.0, 0.7341286946833697)	('>10', 10.170368258052537)	('>50', 4.720440875118541)	('>100', 3.6825805253629196)	('>500', 2.342314859640164)	('>1k', 4.122261938709871)	('>5k', 3.7223706985164897)	('>10k+', 54.33016559343727)
Yell_July18_Site5q_S122_R1_001	(1.0, 36.99282353979845)	(2.0, 9.34327191090595)	(3.0, 5.3350486208331755)	(4.0, 4.255426488579465)	(5.0, 3.4085032855323063)	(6.0, 2.9853569942109046)	(7.0, 2.617705298472637)	(8.0, 2.270233455673692)	(9.0, 2.0148321919104015)	('>10', 26.603982998473896)	('>50', 3.7584976099486673)	('>100', 0.4143176056604488)	('>500', 0.0)	('>1k', 0.0)	('>5k', 0.0)	('>10k+', 0.0)
Yell_July18_Site5q_S122_R2_001	(1.0, 27.216315411101444)	(2.0, 6.752683289820525)	(3.0, 3.948314351659162)	(4.0, 3.0471577938375773)	(5.0, 2.3679796183485315)	(6.0, 2.3875288508834993)	(7.0, 2.211585758068788)	(8.0, 1.987715514523188)	(9.0, 1.855915850013243)	('>10', 29.63474466179828)	('>50', 10.040738078121256)	('>100', 8.092121028668004)	('>500', 0.4571997931565074)	('>1k', 0.0)	('>5k', 0.0)	('>10k+', 0.0)
Yell_July18_Site5r_S123_R1_001	(1.0, 10.049780619152813)	(2.0, 2.7852714519856256)	(3.0, 1.5254858445908115)	(4.0, 1.0872331545031608)	(5.0, 0.7609614072950495)	(6.0, 0.62302124583889)	(7.0, 0.4311266300862253)	(8.0, 0.4072034286528693)	(9.0, 0.3848072400769615)	('>10', 8.655617880302552)	('>50', 4.766825136667651)	('>100', 6.896499068522156)	('>500', 4.174853152263542)	('>1k', 20.729199539860126)	('>5k', 11.821624538078611)	('>10k+', 24.900489662122954)
Yell_July18_Site5r_S123_R2_001	(1.0, 7.380562144333255)	(2.0, 1.6705520660483961)	(3.0, 1.0765440645010231)	(4.0, 0.8449471144547037)	(5.0, 0.6846107644226365)	(6.0, 0.5833189115452353)	(7.0, 0.488135110097627)	(8.0, 0.47642801152385705)	(9.0, 0.5130763201026153)	('>10', 7.531736417220633)	('>50', 3.992120613655567)	('>100', 4.788203316671926)	('>500', 0.3440868972116745)	('>1k', 7.835611975852837)	('>5k', 9.180910303264755)	('>10k+', 52.60915596909326)
Yell_July18_Site5s_S124_R1_001	(1.0, 13.448391796481005)	(2.0, 4.3647502708356685)	(3.0, 2.5350218536366693)	(4.0, 1.8439239418730622)	(5.0, 1.2626545631140498)	(6.0, 1.1296649109044044)	(7.0, 0.8995479846090627)	(8.0, 0.8188576338301766)	(9.0, 0.6858679816205312)	('>10', 13.637416414509321)	('>50', 4.721132653442415)	('>100', 5.350218536366693)	('>500', 4.173484254174605)	('>1k', 22.592551085210506)	('>5k', 11.057566588217714)	('>10k+', 11.47894953117412)
Yell_July18_Site5s_S124_R2_001	(1.0, 9.782957899062348)	(2.0, 3.3202585079756437)	(3.0, 2.445365908326796)	(4.0, 1.6765661772946319)	(5.0, 1.5054727483282901)	(6.0, 1.0982853300459485)	(7.0, 0.8263289626059995)	(8.0, 0.8487429489334678)	(9.0, 0.5917292390451642)	('>10', 8.942433411782286)	('>50', 5.113377414173111)	('>100', 7.795584444693489)	('>500', 2.169673876498935)	('>1k', 6.591206246030856)	('>5k', 3.8694011729986175)	('>10k+', 43.42261571220442)
Yell_July18_Site5t_S125_R1_001	(1.0, 9.896899311679043)	(2.0, 2.5179453000123866)	(3.0, 1.3952212712999064)	(4.0, 0.9083241419580874)	(5.0, 0.7564452675722383)	(6.0, 0.6140035271288109)	(7.0, 0.6172475419215184)	(8.0, 0.526120217290009)	(9.0, 0.5414555599464443)	('>10', 10.27880832591142)	('>50', 7.613997628920097)	('>100', 9.868587909851778)	('>500', 1.7538323611119302)	('>1k', 4.583792902095634)	('>5k', 8.034539910229263)	('>10k+', 40.092778823071434)
Yell_July18_Site5u_S126_R1_001	(1.0, 12.831949968960524)	(2.0, 3.1867197020210147)	(3.0, 2.017566045110707)	(4.0, 1.5404777780332466)	(5.0, 1.3335479272526614)	(6.0, 1.0967282091371024)	(7.0, 1.126618076472076)	(8.0, 1.0944289885728737)	(9.0, 0.9725702986687512)	('>10', 17.26599682707562)	('>50', 3.5499965511691536)	('>100', 9.027889545444093)	('>500', 8.34157220702182)	('>1k', 24.960338445267055)	('>5k', 0.0)	('>10k+', 11.6535994297933)
Yell_July18_Site5u_S126_R2_001	(1.0, 9.857908169130665)	(2.0, 2.6257098843492055)	(3.0, 1.686478283861771)	(4.0, 1.0898305474444163)	(5.0, 1.0059089968500678)	(6.0, 0.8484123882004001)	(7.0, 0.8369162853792564)	(8.0, 0.5702066999287242)	(9.0, 0.7035614926539903)	('>10', 11.484606718322489)	('>50', 5.022647322557653)	('>100', 6.394132389120088)	('>500', 2.3302600418458144)	('>1k', 9.327937829075942)	('>5k', 0.0)	('>10k+', 46.21548295127952)
Yell_July18_Site5v_S127_R1_001	(1.0, 9.948059443081807)	(2.0, 2.2988505747126435)	(3.0, 1.3057278891934785)	(4.0, 1.0532390708411485)	(5.0, 0.9197806954263454)	(6.0, 0.8151781849660944)	(7.0, 0.9510412157937768)	(8.0, 0.9810994084547685)	(9.0, 0.8332131005626895)	('>10', 11.252585004568845)	('>50', 7.020391477901216)	('>100', 11.09027076419949)	('>500', 8.517289472418604)	('>1k', 23.66902322897129)	('>5k', 19.344250468907806)	('>10k+', 0.0)
Yell_July18_Site5v_S127_R2_001	(1.0, 8.5990477564565)	(2.0, 1.6087144712162746)	(3.0, 0.9702784590968114)	(4.0, 0.7598711104698697)	(5.0, 0.6672918770740153)	(6.0, 0.5699033328524022)	(7.0, 0.6396383398259029)	(8.0, 0.3943634877122108)	(9.0, 0.5194055691819363)	('>10', 13.225604770836338)	('>50', 2.0355408070023566)	('>100', 3.492761987207233)	('>500', 4.657817534747271)	('>1k', 12.299812436877795)	('>5k', 8.397056701774636)	('>10k+', 41.16289135766845)
Yell_July18_Site5w_S128_R1_001	(1.0, 69.23076923076923)	(2.0, 30.76923076923077)	(3.0, 0.0)	(4.0, 0.0)	(5.0, 0.0)	(6.0, 0.0)	(7.0, 0.0)	(8.0, 0.0)	(9.0, 0.0)	('>10', 0.0)	('>50', 0.0)	('>100', 0.0)	('>500', 0.0)	('>1k', 0.0)	('>5k', 0.0)	('>10k+', 0.0)
Yell_July18_Site5w_S128_R2_001	(1.0, 53.84615384615385)	(2.0, 0.0)	(3.0, 46.15384615384615)	(4.0, 0.0)	(5.0, 0.0)	(6.0, 0.0)	(7.0, 0.0)	(8.0, 0.0)	(9.0, 0.0)	('>10', 0.0)	('>50', 0.0)	('>100', 0.0)	('>500', 0.0)	('>1k', 0.0)	('>5k', 0.0)	('>10k+', 0.0)
Yell_July18_Site5z_S131_R1_001	(1.0, 14.086458775006747)	(2.0, 3.833789461511776)	(3.0, 2.0745480476429092)	(4.0, 1.4339128088501716)	(5.0, 1.0715800023127626)	(6.0, 0.8406892032532861)	(7.0, 0.6786030913926685)	(8.0, 0.6398643179277648)	(9.0, 0.5429210191573836)	('>10', 12.015379871256215)	('>50', 5.753960605943799)	('>100', 9.310411286281463)	('>500', 2.925644682573334)	('>1k', 6.306710866129592)	('>5k', 3.9440311452029446)	('>10k+', 34.541494815557186)
Yell_July18_Site5z_S131_R2_001	(1.0, 10.844351077361909)	(2.0, 2.7140269051381876)	(3.0, 1.5848205681686773)	(4.0, 1.1617777435146284)	(5.0, 0.8576494622826968)	(6.0, 0.7504914620514204)	(7.0, 0.5990055120841845)	(8.0, 0.5535211810507651)	(9.0, 0.4700689974174151)	('>10', 9.980534248159428)	('>50', 6.056739775662028)	('>100', 9.577342635778438)	('>500', 1.2673939020159581)	('>1k', 2.6733608295108504)	('>5k', 1.3751300928959642)	('>10k+', 49.53378560690745)
