Sample	0	1	2	3	4	5	6	7	8	9	10	11	12	13	14	15
Yell_July18_Site1J_S99_L001_R1	(1.0, 43.99018806214227)	(2.0, 7.429038663707511)	(3.0, 4.06494568391543)	(4.0, 3.1304754117509637)	(5.0, 3.2706459525756335)	(6.0, 1.752131760308375)	(7.0, 2.3712183156173343)	(8.0, 1.2148113538138068)	(9.0, 1.0512790561850252)	('>10', 28.466300665810067)	('>50', 2.044153720359771)	('>100', 1.2148113538138068)	('>500', 0.0)	('>1k', 0.0)	('>5k', 0.0)	('>10k+', 0.0)
Yell_July18_Site1J_S99_L001_R2	(1.0, 36.128956897558695)	(2.0, 8.527041233500759)	(3.0, 4.380329400770938)	(4.0, 3.5509870342249736)	(5.0, 2.745006424483121)	(6.0, 2.4529844644317254)	(7.0, 3.3524121013900245)	(8.0, 2.1492816259782734)	(9.0, 2.1025581123700503)	('>10', 24.88027099637893)	('>50', 5.069501226492233)	('>100', 4.6606704824202785)	('>500', 0.0)	('>1k', 0.0)	('>5k', 0.0)	('>10k+', 0.0)
Yell_July18_Site1L_S101_L001_R1	(1.0, 12.062733443110165)	(2.0, 3.152737057713161)	(3.0, 2.036226354472067)	(4.0, 1.3815815896220731)	(5.0, 1.124543154343548)	(6.0, 0.9397967789871078)	(7.0, 0.6747258926061287)	(8.0, 0.7229205992208523)	(9.0, 0.83135868910398)	('>10', 13.04670870316077)	('>50', 7.329611630989197)	('>100', 12.813767621189607)	('>500', 6.831599662637054)	('>1k', 25.774127474999)	('>5k', 11.277561347845296)	('>10k+', 0.0)
Yell_July18_Site1L_S101_L001_R2	(1.0, 12.072774006988233)	(2.0, 2.8675850435760473)	(3.0, 1.66271737820796)	(4.0, 1.397646491826981)	(5.0, 1.1446242820996826)	(6.0, 1.0723322221775975)	(7.0, 0.6325555243182457)	(8.0, 0.7550504036306679)	(9.0, 0.7952126591429375)	('>10', 11.307683039479498)	('>50', 4.118639302783245)	('>100', 12.235431141812924)	('>500', 5.148801156672959)	('>1k', 12.839873087272583)	('>5k', 11.201253062371983)	('>10k+', 20.74782119763846)
Yell_July18_Site1U_S114_L001_R1	(1.0, 43.361166647065744)	(2.0, 7.333882159237916)	(3.0, 2.984828883923321)	(4.0, 1.8910972597906621)	(5.0, 1.4112666117840762)	(6.0, 0.9314359637774904)	(7.0, 0.9220275196989298)	(8.0, 0.6585910854992356)	(9.0, 0.444548982711984)	('>10', 11.84523109490768)	('>50', 3.474067976008468)	('>100', 15.961425379277902)	('>500', 8.780430436316594)	('>1k', 0.0)	('>5k', 0.0)	('>10k+', 0.0)
Yell_July18_Site1U_S114_L001_R2	(1.0, 48.71221921674703)	(2.0, 6.473009526049629)	(3.0, 2.95660355168764)	(4.0, 1.7876043749264965)	(5.0, 1.458308832176879)	(6.0, 1.1007879571915795)	(7.0, 0.9384922968364107)	(8.0, 0.9220275196989298)	(9.0, 0.8044219687169235)	('>10', 14.143243561096083)	('>50', 6.571798188874515)	('>100', 12.924850052922498)	('>500', 1.2066329530753852)	('>1k', 0.0)	('>5k', 0.0)	('>10k+', 0.0)
Yell_July18_Site1a_S83_L001_R1	(1.0, 6.755943356519929)	(2.0, 2.1940523440788193)	(3.0, 1.4676798168002498)	(4.0, 1.1549549468005667)	(5.0, 0.9187141622277234)	(6.0, 0.8200542177126281)	(7.0, 0.6969555713451695)	(8.0, 0.6987658455564556)	(9.0, 0.5539439086535634)	('>10', 8.849072913319544)	('>50', 4.428383289358755)	('>100', 9.07399948407185)	('>500', 7.02386393979028)	('>1k', 26.30237915288218)	('>5k', 16.25399957458556)	('>10k+', 12.807237476296724)
Yell_July18_Site1a_S83_L001_R2	(1.0, 5.958517566448378)	(2.0, 1.8030331144410099)	(3.0, 1.1499766927195296)	(4.0, 0.7784179108530465)	(5.0, 0.6856413575246311)	(6.0, 0.5349360294350587)	(7.0, 0.4530211213743602)	(8.0, 0.41636306859581557)	(9.0, 0.33806870895768937)	('>10', 6.445481329284353)	('>50', 3.2168572734554965)	('>100', 6.919773172641326)	('>500', 4.936617774177344)	('>1k', 16.881712157349035)	('>5k', 6.536447608401483)	('>10k+', 42.94513511434144)
Yell_July18_Site1b_S84_L001_R1	(1.0, 10.919386990693127)	(2.0, 3.448494775200295)	(3.0, 2.1845122462194797)	(4.0, 1.6328292639571351)	(5.0, 1.2125598344316206)	(6.0, 0.9522721212813773)	(7.0, 0.8443479475361546)	(8.0, 0.7821328356124378)	(9.0, 0.7313449891440978)	('>10', 9.96267093284577)	('>50', 4.236341243540421)	('>100', 19.513960309297985)	('>500', 7.2753590065897225)	('>1k', 20.550667225332976)	('>5k', 15.753120278317398)	('>10k+', 0.0)
Yell_July18_Site1b_S84_L001_R2	(1.0, 11.065402049289604)	(2.0, 3.005370814764027)	(3.0, 1.7997943092218032)	(4.0, 1.17065986109524)	(5.0, 0.9744918041112762)	(6.0, 0.8646630861234907)	(7.0, 0.6443708020670654)	(8.0, 0.6145329422669156)	(9.0, 0.5427951091303851)	('>10', 8.790741375588821)	('>50', 4.372198732843231)	('>100', 12.510951129394735)	('>500', 6.140250638022321)	('>1k', 17.59608425703729)	('>5k', 4.905471120760803)	('>10k+', 25.00222196828299)
Yell_July18_Site1bb_S139_L001_R1	(1.0, 8.005148005148005)	(2.0, 2.4147735775642754)	(3.0, 1.4869354404238124)	(4.0, 1.1612941845499987)	(5.0, 1.0445661608452306)	(6.0, 0.9302325581395349)	(7.0, 0.7500523779593548)	(8.0, 0.5794498817754632)	(9.0, 0.5710694082787106)	('>10', 10.849720152045734)	('>50', 4.156714854389273)	('>100', 10.436682529705786)	('>500', 4.068719882673371)	('>1k', 30.462422555445812)	('>5k', 7.7082398012630575)	('>10k+', 15.373978629792584)
Yell_July18_Site1bb_S139_L001_R2	(1.0, 8.24159707880638)	(2.0, 2.3094190536051005)	(3.0, 1.6036634641285803)	(4.0, 1.0439675555954624)	(5.0, 0.9966777408637874)	(6.0, 0.8117087186854629)	(7.0, 0.6955793002304631)	(8.0, 0.5986052497680405)	(9.0, 0.5602945137828859)	('>10', 7.569363383316871)	('>50', 2.90203825087546)	('>100', 5.738229924276436)	('>500', 4.073508724671515)	('>1k', 19.924575738529228)	('>5k', 3.593427314357547)	('>10k+', 39.33734398850678)
Yell_July18_Site1c_S85_L001_R1	(1.0, 9.695414046530496)	(2.0, 3.094231279354627)	(3.0, 1.7577667857755865)	(4.0, 1.3419258195889963)	(5.0, 1.0415528890414594)	(6.0, 0.7957932185934744)	(7.0, 0.7591243153837751)	(8.0, 0.5305288123956498)	(9.0, 0.5125844555057968)	('>10', 9.471499680122333)	('>50', 5.648571473153682)	('>100', 15.766068001310718)	('>500', 12.607861188696615)	('>1k', 22.513926381325387)	('>5k', 5.52686192207468)	('>10k+', 8.936289731146722)
Yell_July18_Site1c_S85_L001_R2	(1.0, 9.44887418665252)	(2.0, 2.446674052459937)	(3.0, 1.3505079033189258)	(4.0, 1.0142462589916832)	(5.0, 0.8309017429431865)	(6.0, 0.6132288919749715)	(7.0, 0.6662817732145365)	(8.0, 0.6491176057546773)	(9.0, 0.449389111676315)	('>10', 9.621296050681105)	('>50', 5.254575811006912)	('>100', 12.439340271817997)	('>500', 7.047451121132211)	('>1k', 21.492658417463762)	('>5k', 7.127810632421553)	('>10k+', 19.54764616848971)
Yell_July18_Site1cc_S140_L001_R1	(1.0, 6.517565751583796)	(2.0, 2.012918816979662)	(3.0, 1.2907524307476879)	(4.0, 0.9259991191715696)	(5.0, 0.8074260612288686)	(6.0, 0.6640091244791255)	(7.0, 0.6462231657877204)	(8.0, 0.5375311960069111)	(9.0, 0.47768003342630966)	('>10', 7.798154777364968)	('>50', 3.804218942328323)	('>100', 13.657640057366773)	('>500', 9.410466048581076)	('>1k', 20.44877079263266)	('>5k', 14.255304732758914)	('>10k+', 16.74533894955563)
Yell_July18_Site1cc_S140_L001_R2	(1.0, 6.49243955597213)	(2.0, 1.8610323760911545)	(3.0, 1.2179146951543143)	(4.0, 0.881957697649995)	(5.0, 0.6944993393786771)	(6.0, 0.5539055706751889)	(7.0, 0.40710083226994004)	(8.0, 0.3478143032985896)	(9.0, 0.3760459837611374)	('>10', 6.386853071042201)	('>50', 3.7980079726265625)	('>100', 11.139656476912132)	('>500', 4.296297132790532)	('>1k', 13.290628211353653)	('>5k', 12.146115885401963)	('>10k+', 36.10973089562183)
Yell_July18_Site1d_S86_L001_R1	(1.0, 9.283907474975875)	(2.0, 2.841301654190292)	(3.0, 1.8106446031827605)	(4.0, 1.3133026134722008)	(5.0, 0.8993267896603114)	(6.0, 0.7502954930880312)	(7.0, 0.7434434794525241)	(8.0, 0.4979129908468518)	(9.0, 0.6320982578755332)	('>10', 8.63125317619382)	('>50', 4.312200581279157)	('>100', 16.36089555818216)	('>500', 12.587149048426607)	('>1k', 14.044914949380749)	('>5k', 9.618514140843141)	('>10k+', 15.672839188949986)
Yell_July18_Site1d_S86_L001_R2	(1.0, 9.344433595422855)	(2.0, 2.528393031502133)	(3.0, 1.5091560032204463)	(4.0, 1.0255180407809013)	(5.0, 0.8650667214827757)	(6.0, 0.6338112612844099)	(7.0, 0.6115422169690118)	(8.0, 0.4796409544854994)	(9.0, 0.38028675677064594)	('>10', 9.581970068120436)	('>50', 5.1572822629917034)	('>100', 11.8202945223861)	('>500', 6.728106388931714)	('>1k', 13.201546271077081)	('>5k', 5.170986290262718)	('>10k+', 30.96196561431157)
Yell_July18_Site1dd_S141_L001_R1	(1.0, 7.741343371807237)	(2.0, 2.3009675512553276)	(3.0, 1.434526957657966)	(4.0, 1.1722614566157483)	(5.0, 0.9022182123635006)	(6.0, 0.7727965653485985)	(7.0, 0.6772858787294279)	(8.0, 0.6346638459384625)	(9.0, 0.5487975608997293)	('>10', 8.700805774196558)	('>50', 4.679090315154156)	('>100', 11.272749898889337)	('>500', 8.933515851040662)	('>1k', 25.103443984693403)	('>5k', 10.400398220452352)	('>10k+', 14.725134554957533)
Yell_July18_Site1dd_S141_L001_R2	(1.0, 6.901969324580779)	(2.0, 1.894036026506549)	(3.0, 1.0929284758734406)	(4.0, 0.7839965155710419)	(5.0, 0.656441526926547)	(6.0, 0.5133310518619917)	(7.0, 0.4616868369473914)	(8.0, 0.3932426966991258)	(9.0, 0.3975982328967427)	('>10', 8.085430731418972)	('>50', 4.752201101328438)	('>100', 12.505988862271721)	('>500', 4.112870609463958)	('>1k', 13.08745294465358)	('>5k', 10.028933204741312)	('>10k+', 34.33189185825841)
Yell_July18_Site1e_S91_L001_R1	(1.0, 13.904631620089896)	(2.0, 3.810826656243893)	(3.0, 2.2278678913425836)	(4.0, 1.7067292033092307)	(5.0, 1.8728421601198622)	(6.0, 1.7783857729138166)	(7.0, 1.2995896032831737)	(8.0, 1.4070744576900527)	(9.0, 1.5536447136994334)	('>10', 23.190671617484206)	('>50', 6.097322649990229)	('>100', 11.149110807113544)	('>500', 4.149566803465572)	('>1k', 25.85173604325451)	('>5k', 0.0)	('>10k+', 0.0)
Yell_July18_Site1e_S91_L001_R2	(1.0, 16.6796951338675)	(2.0, 6.286235424402318)	(3.0, 4.045339065858902)	(4.0, 2.9053481857859422)	(5.0, 2.2311250081427922)	(6.0, 1.6415868673050615)	(7.0, 1.4819881440948472)	(8.0, 0.9119927040583675)	(9.0, 1.0553058432675395)	('>10', 11.797277050355026)	('>50', 4.963846003517687)	('>100', 10.667057520682691)	('>500', 4.354765161878705)	('>1k', 30.978437886782622)	('>5k', 0.0)	('>10k+', 0.0)
Yell_July18_Site1ee_S142_L001_R1	(1.0, 11.36403391671807)	(2.0, 3.3879892099908853)	(3.0, 2.06179397711266)	(4.0, 1.539325532365424)	(5.0, 1.1761294064574337)	(6.0, 1.0219206584483378)	(7.0, 0.7959012695753045)	(8.0, 0.7733453631500934)	(9.0, 0.6172953166573067)	('>10', 8.526592953350704)	('>50', 9.709627229121978)	('>100', 30.731732017418683)	('>500', 1.4219427540301421)	('>1k', 15.813071377935719)	('>5k', 11.059299017667259)	('>10k+', 0.0)
Yell_July18_Site1ee_S142_L001_R2	(1.0, 13.69972104327972)	(2.0, 3.4404662167760702)	(3.0, 2.245463500860807)	(4.0, 1.7455509625387822)	(5.0, 1.3694657472449572)	(6.0, 1.215256999235861)	(7.0, 1.0472385125990848)	(8.0, 0.916966644877968)	(9.0, 0.8907281414853755)	('>10', 26.964895644408436)	('>50', 7.33849510674928)	('>100', 9.480845892523407)	('>500', 2.265257459560482)	('>1k', 18.575019103471767)	('>5k', 8.804629024387998)	('>10k+', 0.0)
Yell_July18_Site1f_S92_L001_R1	(1.0, 4.125329202693955)	(2.0, 1.359857099762398)	(3.0, 0.8694001647284523)	(4.0, 0.6765390755547722)	(5.0, 0.5948527442878884)	(6.0, 0.5348590487101356)	(7.0, 0.4768990377282388)	(8.0, 0.4772379851608814)	(9.0, 0.40266954997949367)	('>10', 6.748443383915588)	('>50', 2.851564750822795)	('>100', 9.281397548054272)	('>500', 4.460548213577556)	('>1k', 17.296148540322882)	('>5k', 19.173578369730638)	('>10k+', 30.670675284970056)
Yell_July18_Site1f_S92_L001_R2	(1.0, 2.960366876701092)	(2.0, 0.9144801732699276)	(3.0, 0.6680653897387054)	(4.0, 0.4907958824665883)	(5.0, 0.4355474509458328)	(6.0, 0.3843663886167894)	(7.0, 0.31556005979032714)	(8.0, 0.3606400683318024)	(9.0, 0.24404215150272343)	('>10', 4.641207195176101)	('>50', 2.1519772498483207)	('>100', 5.636017909982341)	('>500', 2.8088573743098184)	('>1k', 16.838569506255276)	('>5k', 15.5170134663815)	('>10k+', 45.63249285668285)
Yell_July18_Site1g_S93_L001_R1	(1.0, 7.615881201170928)	(2.0, 2.095651668185255)	(3.0, 1.1268247290774092)	(4.0, 0.8568714498962836)	(5.0, 0.680941395420972)	(6.0, 0.5728631525890313)	(7.0, 0.48174786266793324)	(8.0, 0.4226198553787101)	(9.0, 0.27916173933272587)	('>10', 10.41331446406762)	('>50', 9.786169862163892)	('>100', 21.527925867049223)	('>500', 2.037492972490937)	('>1k', 18.4964038539829)	('>5k', 6.4905104394858775)	('>10k+', 17.115619487040306)
Yell_July18_Site1g_S93_L001_R2	(1.0, 8.289068103832658)	(2.0, 2.1082527189190237)	(3.0, 1.3972626640559875)	(4.0, 1.0371634065486692)	(5.0, 0.9087296202237172)	(6.0, 0.9828819572339725)	(7.0, 0.8752883701994844)	(8.0, 0.7754492759242386)	(9.0, 0.8113138049357347)	('>10', 16.134676152996143)	('>50', 3.2573716146792546)	('>100', 10.576643467809161)	('>500', 3.9194114339995734)	('>1k', 15.771184304906654)	('>5k', 4.0832250935385686)	('>10k+', 29.072078010197156)
Yell_July18_Site1h_S94_L001_R1	(1.0, 9.278872468527641)	(2.0, 2.94471811713191)	(3.0, 1.9088669950738917)	(4.0, 1.7788724685276411)	(5.0, 1.3136288998357963)	(6.0, 1.2315270935960592)	(7.0, 1.4655172413793103)	(8.0, 0.8976464148877941)	(9.0, 1.0714285714285714)	('>10', 11.670771756978654)	('>50', 3.3087027914614118)	('>100', 15.926382047071701)	('>500', 10.66776135741653)	('>1k', 36.53530377668309)	('>5k', 0.0)	('>10k+', 0.0)
Yell_July18_Site1h_S94_L001_R2	(1.0, 9.967159277504106)	(2.0, 3.456486042692939)	(3.0, 2.1592775041050905)	(4.0, 1.4121510673234812)	(5.0, 1.2246852764094143)	(6.0, 0.8292282430213466)	(7.0, 0.6417624521072797)	(8.0, 0.6130268199233717)	(9.0, 0.5788177339901478)	('>10', 8.498905309250135)	('>50', 2.909140667761357)	('>100', 10.634920634920634)	('>500', 6.587301587301588)	('>1k', 22.78598795840175)	('>5k', 12.281061850027367)	('>10k+', 15.420087575259988)
Yell_July18_Site1k_S100_L001_R1	(1.0, 10.694271481942714)	(2.0, 3.0233845302338453)	(3.0, 1.8187007056870068)	(4.0, 1.5186107651861076)	(5.0, 1.1242562612425626)	(6.0, 0.9755085097550851)	(7.0, 0.7022277570222776)	(8.0, 0.7195240071952401)	(9.0, 0.6693648816936488)	('>10', 10.924311609243116)	('>50', 5.526151930261519)	('>100', 21.16282689912827)	('>500', 5.918776809187768)	('>1k', 19.78258613532586)	('>5k', 0.0)	('>10k+', 15.439497716894977)
Yell_July18_Site1k_S100_L001_R2	(1.0, 10.04133803791338)	(2.0, 2.9749550297495504)	(3.0, 1.7512453300124533)	(4.0, 1.141552511415525)	(5.0, 0.8129237581292377)	(6.0, 0.7575757575757576)	(7.0, 0.7567109450671095)	(8.0, 0.5811540058115401)	(9.0, 0.39694894146948945)	('>10', 10.197869101978691)	('>50', 5.082503113325031)	('>100', 17.848000553480006)	('>500', 4.4330289193302885)	('>1k', 14.16908814169088)	('>5k', 4.83862598588626)	('>10k+', 24.216479867164797)
Yell_July18_Site1m_S102_L001_R1	(1.0, 9.997785717277988)	(2.0, 2.9048995493635434)	(3.0, 1.6912332357852025)	(4.0, 1.2806932500284265)	(5.0, 1.1221027307492055)	(6.0, 1.0018133180128908)	(7.0, 0.8127016044572912)	(8.0, 0.794747960765304)	(9.0, 0.5601536831900034)	('>10', 11.029521774777525)	('>50', 4.636827710850584)	('>100', 16.207352615546657)	('>500', 10.628557065656475)	('>1k', 13.947587329515192)	('>5k', 8.125220680203714)	('>10k+', 15.258801773819997)
Yell_July18_Site1m_S102_L001_R2	(1.0, 9.634523659910112)	(2.0, 2.4991472019246306)	(3.0, 1.5709438230488877)	(4.0, 1.2208477710551355)	(5.0, 0.8976821845993644)	(6.0, 0.6894199177723118)	(7.0, 0.628377529219555)	(8.0, 0.5649413215078667)	(9.0, 0.5493814969748111)	('>10', 10.23896299754035)	('>50', 5.404645206077907)	('>100', 11.857783203767871)	('>500', 7.1814574767949155)	('>1k', 12.371257413358707)	('>5k', 9.665643308976223)	('>10k+', 25.024985487471348)
Yell_July18_Site1n_S103_L001_R1	(1.0, 8.465919024901966)	(2.0, 2.883166404409255)	(3.0, 1.7995853835202438)	(4.0, 1.3370965190532091)	(5.0, 1.0240527512051352)	(6.0, 0.9416289931813072)	(7.0, 0.8100840056281273)	(8.0, 0.6760413284378617)	(9.0, 0.558233633888653)	('>10', 8.83599337279683)	('>50', 3.844776914687248)	('>100', 17.33854517904272)	('>500', 4.343065997285843)	('>1k', 20.223792991482878)	('>5k', 13.772676940496705)	('>10k+', 13.145340559982015)
Yell_July18_Site1n_S103_L001_R2	(1.0, 9.097834503084647)	(2.0, 2.4926942578115243)	(3.0, 1.5535629542673026)	(4.0, 1.1156347045649442)	(5.0, 0.8367260284237081)	(6.0, 0.6618877538277094)	(7.0, 0.5245148237879961)	(8.0, 0.5195194445138247)	(9.0, 0.5170217548767391)	('>10', 8.557917259867956)	('>50', 4.130346096527379)	('>100', 9.91083247995604)	('>500', 4.458792283804148)	('>1k', 18.024160984422743)	('>5k', 11.222535821032212)	('>10k+', 26.376018849231126)
Yell_July18_Site1o_S104_L001_R1	(1.0, 9.877608888545966)	(2.0, 3.237722310096061)	(3.0, 1.9096485475097413)	(4.0, 1.4254851278885845)	(5.0, 1.176652135334285)	(6.0, 1.0734539562516878)	(7.0, 0.7460167431812045)	(8.0, 0.702133405347016)	(9.0, 0.6379962192816635)	('>10', 10.100883453570464)	('>50', 4.208460321746847)	('>100', 16.001022337101194)	('>500', 8.84707380116508)	('>1k', 23.35702712086725)	('>5k', 7.742756838084951)	('>10k+', 8.956058794028008)
Yell_July18_Site1o_S104_L001_R2	(1.0, 10.518498514717797)	(2.0, 2.670614559623471)	(3.0, 1.5769067551406195)	(4.0, 1.1573627560665096)	(5.0, 0.9572354461633424)	(6.0, 0.7812198603448941)	(7.0, 0.7190116122063192)	(8.0, 0.5555341229119247)	(9.0, 0.5425137919061764)	('>10', 9.600806296053394)	('>50', 4.22437405964276)	('>100', 12.019212221750704)	('>500', 5.256355850468732)	('>1k', 16.26384012962463)	('>5k', 7.638111955557269)	('>10k+', 25.518402067821455)
Yell_July18_Site1p_S105_L001_R1	(1.0, 5.361619040080213)	(2.0, 1.682479371864316)	(3.0, 1.035553143128541)	(4.0, 0.7516217917547768)	(5.0, 0.6059338165726197)	(6.0, 0.4862548201422578)	(7.0, 0.4406448718963561)	(8.0, 0.3890038561138062)	(9.0, 0.322285171489636)	('>10', 6.742168093391081)	('>50', 4.624980681736797)	('>100', 19.8548397432273)	('>500', 13.959753932444505)	('>1k', 15.21987010588293)	('>5k', 3.6455918550432918)	('>10k+', 24.877399705231575)
Yell_July18_Site1p_S105_L001_R2	(1.0, 6.1173871907664354)	(2.0, 1.4745960127104747)	(3.0, 0.90183306758942)	(4.0, 0.6954574753197408)	(5.0, 0.6054626394213191)	(6.0, 0.5303570015039974)	(7.0, 0.4920974168183857)	(8.0, 0.4319752123124244)	(9.0, 0.46816161753231333)	('>10', 11.655226485433086)	('>50', 9.90565148722356)	('>100', 14.338109184938915)	('>500', 4.179529802897174)	('>1k', 12.830907713358439)	('>5k', 2.9524902654800544)	('>10k+', 32.42075742669426)
Yell_July18_Site1q_S106_L001_R1	(1.0, 8.537888280683243)	(2.0, 1.8505572775835917)	(3.0, 1.0327771549165734)	(4.0, 0.7755721163358175)	(5.0, 0.6726901009035151)	(6.0, 0.5183670777550616)	(7.0, 0.42010156301523444)	(8.0, 0.4220800633120095)	(9.0, 0.4036140605421091)	('>10', 7.852008177801227)	('>50', 3.55338653300798)	('>100', 10.157620523643079)	('>500', 5.257534788630219)	('>1k', 14.107366616104994)	('>5k', 8.800369320055399)	('>10k+', 35.63806634570995)
Yell_July18_Site1q_S106_L001_R2	(1.0, 6.970256545538482)	(2.0, 1.33482820022423)	(3.0, 0.7360021104003166)	(4.0, 0.4853920728088109)	(5.0, 0.49792257468838624)	(6.0, 0.42735606410340965)	(7.0, 0.31392204708830707)	(8.0, 0.311284046692607)	(9.0, 0.2789685418452813)	('>10', 4.5703356855503525)	('>50', 2.072808810921322)	('>100', 7.238673085800963)	('>500', 5.492976323946448)	('>1k', 12.441469366220405)	('>5k', 7.278902591835388)	('>10k+', 49.54890193233529)
Yell_July18_Site1r_S111_L001_R1	(1.0, 7.307294747471127)	(2.0, 2.1951758709901)	(3.0, 1.3748229937801357)	(4.0, 1.042021425968082)	(5.0, 0.8394725364020387)	(6.0, 0.7205721558013228)	(7.0, 0.6231813917916913)	(8.0, 0.6166090089444156)	(9.0, 0.48934377744716706)	('>10', 8.434757150453793)	('>50', 6.138605579355548)	('>100', 17.532129989782934)	('>500', 7.276225301284005)	('>1k', 13.022877867202018)	('>5k', 3.218675127115859)	('>10k+', 29.168235076209765)
Yell_July18_Site1r_S111_L001_R2	(1.0, 7.876702097785107)	(2.0, 2.0792629371381457)	(3.0, 1.2798221871695137)	(4.0, 0.9368633004116701)	(5.0, 0.7588114741854726)	(6.0, 0.7671763250820054)	(7.0, 0.6231813917916913)	(8.0, 0.48277139459989127)	(9.0, 0.37104088619620357)	('>10', 9.697252146480489)	('>50', 5.591902824332156)	('>100', 14.435342690016551)	('>500', 1.9077834937592237)	('>1k', 11.9462020589483)	('>5k', 8.267460132523139)	('>10k+', 32.97842465958044)
Yell_July18_Site1s_S112_L001_R1	(1.0, 9.29281122150789)	(2.0, 2.8533321344542855)	(3.0, 1.7923241768946034)	(4.0, 1.3747146418099079)	(5.0, 0.9915728793578004)	(6.0, 0.9770864241933791)	(7.0, 0.734313416955147)	(8.0, 0.6833610574113205)	(9.0, 0.6204199073865936)	('>10', 9.395715006468953)	('>50', 5.803074125692477)	('>100', 18.360832621498897)	('>500', 8.866709626499224)	('>1k', 24.61948078546559)	('>5k', 3.1750313456917785)	('>10k+', 10.459220628712155)
Yell_July18_Site1s_S112_L001_R2	(1.0, 9.691938037934532)	(2.0, 2.5306338573433838)	(3.0, 1.4956016124923197)	(4.0, 1.094976197255566)	(5.0, 0.951610244421466)	(6.0, 0.7433050098158223)	(7.0, 0.6713722669304201)	(8.0, 0.5754619430832172)	(9.0, 0.5305039787798408)	('>10', 10.725971216912187)	('>50', 5.396953848151978)	('>100', 13.126726510712484)	('>500', 4.263014081833486)	('>1k', 15.281711599654324)	('>5k', 12.98286102494168)	('>10k+', 19.937358569737295)
Yell_July18_Site1t_S113_L001_R1	(1.0, 8.905188862095178)	(2.0, 2.971249062359983)	(3.0, 1.9361951700841233)	(4.0, 1.3572496564084233)	(5.0, 0.9565186747685476)	(6.0, 0.8789903190241496)	(7.0, 0.7435674119121816)	(8.0, 0.5316230108187296)	(9.0, 0.5210509623081299)	('>10', 9.42070208470728)	('>50', 5.185338079008442)	('>100', 19.5925230445486)	('>500', 6.630688139671864)	('>1k', 12.54499413503023)	('>5k', 15.565579423773013)	('>10k+', 12.258541963481123)
Yell_July18_Site1t_S113_L001_R2	(1.0, 9.386468784768196)	(2.0, 2.571524942483022)	(3.0, 1.5223749855263622)	(4.0, 1.2364262448587122)	(5.0, 0.9716216012122615)	(6.0, 0.7188992987207822)	(7.0, 0.683659137018783)	(8.0, 0.5477327990253579)	(9.0, 0.6660390561677835)	('>10', 10.293147802272488)	('>50', 4.8218609825963945)	('>100', 13.071079406152933)	('>500', 3.3040168750031462)	('>1k', 11.961014312539959)	('>5k', 18.21463272200043)	('>10k+', 20.029501049653387)
Yell_July18_Site1v_S117_L001_R1	(1.0, 7.649419921225195)	(2.0, 2.2011869882052437)	(3.0, 1.3232879358640008)	(4.0, 1.075372677806755)	(5.0, 0.8478487180312738)	(6.0, 0.7984803116648959)	(7.0, 0.6686199383968147)	(8.0, 0.7383796430449574)	(9.0, 0.700280112044818)	('>10', 15.30957210470395)	('>50', 5.297981261470105)	('>100', 14.670465887504427)	('>500', 4.120652092254526)	('>1k', 18.750871996308103)	('>5k', 8.565955117679255)	('>10k+', 17.28162529379568)
Yell_July18_Site1v_S117_L001_R2	(1.0, 8.675424192665572)	(2.0, 2.888051772433111)	(3.0, 1.9897614218101034)	(4.0, 1.6635006493018665)	(5.0, 1.3603142406387843)	(6.0, 1.1301072152999132)	(7.0, 1.0442491172714297)	(8.0, 0.9058029342005001)	(9.0, 0.7727228822563508)	('>10', 9.611277461176043)	('>50', 4.991038561018277)	('>100', 8.32877212187557)	('>500', 5.033430996919841)	('>1k', 12.729536258948023)	('>5k', 10.431222297348059)	('>10k+', 28.444787876836557)
Yell_July18_Site1w_S118_L001_R1	(1.0, 7.2568488332361865)	(2.0, 2.2099169899302553)	(3.0, 1.3521797680541876)	(4.0, 1.0290836733463309)	(5.0, 0.8089964424255823)	(6.0, 0.7175446706731253)	(7.0, 0.6471971539404658)	(8.0, 0.5266014109701928)	(9.0, 0.5336361626434587)	('>10', 8.211062649488474)	('>50', 4.948445319880208)	('>100', 13.54089200651217)	('>500', 8.512049524651779)	('>1k', 21.997668482302572)	('>5k', 16.648242317046208)	('>10k+', 11.0596345948988)
Yell_July18_Site1w_S118_L001_R2	(1.0, 6.884509476815468)	(2.0, 1.6722609691877877)	(3.0, 0.9798404116334694)	(4.0, 0.7657829678612345)	(5.0, 0.5954414809157237)	(6.0, 0.5336361626434587)	(7.0, 0.4713283621088175)	(8.0, 0.35776737081181037)	(9.0, 0.4205776536088276)	('>10', 8.272867967760739)	('>50', 4.958997447390107)	('>100', 10.240086024963318)	('>500', 4.454002773702088)	('>1k', 17.139669969650072)	('>5k', 10.348119711374189)	('>10k+', 31.905111249572894)
Yell_July18_Site1y_S120_L001_R1	(1.0, 8.381134480560867)	(2.0, 2.5519439133205863)	(3.0, 1.653919694072658)	(4.0, 1.1191841937539835)	(5.0, 0.9496494582536646)	(6.0, 0.7915869980879542)	(7.0, 0.6379859783301466)	(8.0, 0.6118546845124283)	(9.0, 0.48757170172084136)	('>10', 9.461440407903122)	('>50', 4.710643722115997)	('>100', 14.17080943275972)	('>500', 11.497131931166347)	('>1k', 17.407903123008285)	('>5k', 15.416826003824092)	('>10k+', 10.150414276609306)
Yell_July18_Site1y_S120_L001_R2	(1.0, 8.832377310388782)	(2.0, 2.234544295729764)	(3.0, 1.3537284894837476)	(4.0, 0.9432759719566604)	(5.0, 0.7425111536010198)	(6.0, 0.5506692160611855)	(7.0, 0.6201402166985341)	(8.0, 0.4435946462715106)	(9.0, 0.3957934990439771)	('>10', 9.952836201402167)	('>50', 5.734862970044614)	('>100', 14.906309751434035)	('>500', 7.34161886551944)	('>1k', 13.550669216061184)	('>5k', 8.81453154875717)	('>10k+', 23.582536647546206)
Yell_July18_Site1z_S129_L001_R1	(1.0, 7.464005975590535)	(2.0, 2.2189176780170907)	(3.0, 1.2499400385124069)	(4.0, 0.9813125740952668)	(5.0, 0.8086234898271054)	(6.0, 0.7359844305714501)	(7.0, 0.5708333618864226)	(8.0, 0.5811124740452418)	(9.0, 0.5427371219856504)	('>10', 10.268833046660317)	('>50', 4.744152898366992)	('>100', 14.265351854009195)	('>500', 5.771378840104984)	('>1k', 11.848389948398857)	('>5k', 30.086961288863613)	('>10k+', 7.861464979064875)
Yell_July18_Site1z_S129_L001_R2	(1.0, 6.5950783610983565)	(2.0, 1.585724369033832)	(3.0, 0.9662365429289989)	(4.0, 0.7620248480404586)	(5.0, 0.5996148759311162)	(6.0, 0.5632953463032886)	(7.0, 0.4988795767746887)	(8.0, 0.4111644863527654)	(9.0, 0.4255552433751122)	('>10', 8.947624497180097)	('>50', 4.0808075270511965)	('>100', 7.445503573704661)	('>500', 6.244217999410664)	('>1k', 10.638195810233885)	('>5k', 13.572539694504787)	('>10k+', 36.663537248076096)
Yell_July18_Site5J_S107_L001_R1	(1.0, 34.285714285714285)	(2.0, 2.857142857142857)	(3.0, 0.0)	(4.0, 5.714285714285714)	(5.0, 7.142857142857142)	(6.0, 0.0)	(7.0, 0.0)	(8.0, 11.428571428571429)	(9.0, 0.0)	('>10', 38.57142857142858)	('>50', 0.0)	('>100', 0.0)	('>500', 0.0)	('>1k', 0.0)	('>5k', 0.0)	('>10k+', 0.0)
Yell_July18_Site5J_S107_L001_R2	(1.0, 27.142857142857142)	(2.0, 2.857142857142857)	(3.0, 4.285714285714286)	(4.0, 5.714285714285714)	(5.0, 14.285714285714285)	(6.0, 0.0)	(7.0, 0.0)	(8.0, 0.0)	(9.0, 0.0)	('>10', 45.714285714285715)	('>50', 0.0)	('>100', 0.0)	('>500', 0.0)	('>1k', 0.0)	('>5k', 0.0)	('>10k+', 0.0)
Yell_July18_Site5L_S109_L001_R1	(1.0, 9.272738000096545)	(2.0, 2.714024426219836)	(3.0, 1.7024335037197154)	(4.0, 1.2465203095918773)	(5.0, 0.9922816578076474)	(6.0, 0.8817897542896068)	(7.0, 0.8260074340669067)	(8.0, 0.6822606858007176)	(9.0, 0.6806515804096782)	('>10', 9.303847370989974)	('>50', 4.889534914905144)	('>100', 17.040962459571226)	('>500', 2.1304555377362036)	('>1k', 10.687141638820204)	('>5k', 6.95240802621769)	('>10k+', 29.996942699757025)
Yell_July18_Site5L_S109_L001_R2	(1.0, 10.340647611283046)	(2.0, 2.6614603167792144)	(3.0, 1.6171509179946257)	(4.0, 1.3044481036692968)	(5.0, 1.0030090270812437)	(6.0, 0.8785715435075279)	(7.0, 0.7021063189568706)	(8.0, 0.6994244766384715)	(9.0, 0.7144427936215062)	('>10', 10.949962186023312)	('>50', 5.212428730040389)	('>100', 10.230155707765007)	('>500', 0.5631868868637999)	('>1k', 10.30149271343442)	('>5k', 13.85493378531316)	('>10k+', 28.96657888102811)
Yell_July18_Site5a_S87_L001_R1	(1.0, 4.839144359554505)	(2.0, 1.5706379698282074)	(3.0, 1.0435403909672647)	(4.0, 0.8724373719077673)	(5.0, 0.683158574266858)	(6.0, 0.5565548751825412)	(7.0, 0.4694364881888777)	(8.0, 0.3710365834550275)	(9.0, 0.4681829862177458)	('>10', 6.49627396539081)	('>50', 3.6639862616183967)	('>100', 9.28468910017361)	('>500', 2.4556103614472935)	('>1k', 5.568682506753242)	('>5k', 3.9410101972385347)	('>10k+', 57.71561800780932)
Yell_July18_Site5a_S87_L001_R2	(1.0, 5.720982996245762)	(2.0, 1.6132570368466905)	(3.0, 0.9363659724354916)	(4.0, 0.5941599343164967)	(5.0, 0.441859444823977)	(6.0, 0.3873321090797415)	(7.0, 0.39046586400757116)	(8.0, 0.24568638634184253)	(9.0, 0.24255263141401293)	('>10', 5.88895226037743)	('>50', 2.933821363434094)	('>100', 5.9980069318659)	('>500', 2.6104178548820767)	('>1k', 7.22518536160398)	('>5k', 17.129104435516727)	('>10k+', 47.641849416808206)
Yell_July18_Site5aa_S132_L001_R1	(1.0, 7.824108783298958)	(2.0, 2.3482622923390277)	(3.0, 1.4759494566948643)	(4.0, 1.1146040806607826)	(5.0, 0.823725879472172)	(6.0, 0.6737820279745032)	(7.0, 0.6261603755675181)	(8.0, 0.5457183951503138)	(9.0, 0.4112194038927483)	('>10', 8.836712432790724)	('>50', 4.10221923335575)	('>100', 12.166688654141314)	('>500', 4.666921935884524)	('>1k', 23.093605506092675)	('>5k', 10.903427793669538)	('>10k+', 20.386893749014586)
Yell_July18_Site5aa_S132_L001_R2	(1.0, 7.923213303172953)	(2.0, 2.0477310535003523)	(3.0, 1.1796012008378838)	(4.0, 0.890653607179286)	(5.0, 0.6596242394210752)	(6.0, 0.556014968643716)	(7.0, 0.49552259936997844)	(8.0, 0.411862939736086)	(9.0, 0.36488482317243864)	('>10', 6.489737212138373)	('>50', 5.000917038576756)	('>100', 16.575874484769116)	('>500', 4.315873133343844)	('>1k', 11.227769858711707)	('>5k', 10.848727246985838)	('>10k+', 31.0119922904406)
Yell_July18_Site5b_S88_L001_R1	(1.0, 6.732329315270298)	(2.0, 2.0176582423379754)	(3.0, 1.1451977344893143)	(4.0, 0.8998337696465365)	(5.0, 0.8187093755910136)	(6.0, 0.7345988075211769)	(7.0, 0.7350965031902292)	(8.0, 0.6888108059683664)	(9.0, 0.6763684142420593)	('>10', 13.180474403511742)	('>50', 4.430984541572519)	('>100', 10.446134397738472)	('>500', 7.256900550451411)	('>1k', 11.177249335576283)	('>5k', 2.7945611817285965)	('>10k+', 36.26509262116401)
Yell_July18_Site5b_S88_L001_R2	(1.0, 8.014891054418044)	(2.0, 2.6477409593581713)	(3.0, 1.915630630182256)	(4.0, 1.6881837094253604)	(5.0, 1.4458059185968963)	(6.0, 1.2362760419258831)	(7.0, 1.0590963837432685)	(8.0, 0.9515941192279744)	(9.0, 0.7301195464997063)	('>10', 7.916845007614744)	('>50', 4.894836905129251)	('>100', 8.791793993808666)	('>500', 4.913251644884186)	('>1k', 10.655664274409483)	('>5k', 7.055333804485234)	('>10k+', 36.08293600629087)
Yell_July18_Site5bb_S133_L001_R1	(1.0, 7.046375090705191)	(2.0, 2.11254040503991)	(3.0, 1.307737977439145)	(4.0, 0.9541526485915959)	(5.0, 0.8285506959561977)	(6.0, 0.6348703740352266)	(7.0, 0.544890823932977)	(8.0, 0.5171845108516393)	(9.0, 0.4203443498911537)	('>10', 7.90289596939112)	('>50', 4.384985817006399)	('>100', 10.590672207929282)	('>500', 6.902830001979023)	('>1k', 23.956725377663435)	('>5k', 3.492314796490534)	('>10k+', 28.402928953097167)
Yell_July18_Site5bb_S133_L001_R2	(1.0, 7.820040899795501)	(2.0, 2.097235965433076)	(3.0, 1.1676231941420938)	(4.0, 0.789497987993931)	(5.0, 0.6702289069199815)	(6.0, 0.5097961606966158)	(7.0, 0.4100534336037997)	(8.0, 0.39897090837126464)	(9.0, 0.3063526617850782)	('>10', 6.138135760934098)	('>50', 4.348307935879676)	('>100', 18.45451546935814)	('>500', 8.557556567055874)	('>1k', 8.909558678013061)	('>5k', 6.431558809947886)	('>10k+', 32.99056666006992)
Yell_July18_Site5c_S89_L001_R1	(1.0, 13.678776726538455)	(2.0, 3.6183621293295767)	(3.0, 2.095784005601785)	(4.0, 1.491638033513003)	(5.0, 1.188750834568223)	(6.0, 0.9575143708576919)	(7.0, 0.7295347587487175)	(8.0, 0.781644384373626)	(9.0, 0.5129541272451921)	('>10', 10.205344493478155)	('>50', 5.575729941865199)	('>100', 19.19751176537641)	('>500', 9.69564721783452)	('>1k', 21.956065071894997)	('>5k', 8.314742138774447)	('>10k+', 0.0)
Yell_July18_Site5c_S89_L001_R2	(1.0, 12.51119542738035)	(2.0, 3.0028171766353466)	(3.0, 1.9296845739223893)	(4.0, 1.5828298783565928)	(5.0, 1.1236138025370874)	(6.0, 0.8207266035923073)	(7.0, 0.9005194678304483)	(8.0, 0.9770554804670326)	(9.0, 0.8207266035923073)	('>10', 14.10705271214317)	('>50', 4.942272305362406)	('>100', 8.822810988617304)	('>500', 8.840723672425865)	('>1k', 19.928674949925906)	('>5k', 19.689296357211482)	('>10k+', 0.0)
Yell_July18_Site5cc_S134_L001_R1	(1.0, 6.196557049760801)	(2.0, 2.039778506045881)	(3.0, 1.3560854333823031)	(4.0, 1.05850001883452)	(5.0, 0.8522620258409613)	(6.0, 0.7543225223189061)	(7.0, 0.6311918484197838)	(8.0, 0.5725694052058613)	(9.0, 0.5148886879873432)	('>10', 10.875993520925151)	('>50', 5.471898896297133)	('>100', 10.881408445398726)	('>500', 3.7501883451990805)	('>1k', 20.8806550646024)	('>5k', 4.086384525558444)	('>10k+', 30.077315704222702)
Yell_July18_Site5cc_S134_L001_R2	(1.0, 6.784194070893133)	(2.0, 2.1720910084001956)	(3.0, 1.4514351904169962)	(4.0, 1.1875164802049194)	(5.0, 0.9852808226918296)	(6.0, 0.881455531698497)	(7.0, 0.7828097336798885)	(8.0, 0.6573247447922552)	(9.0, 0.5784551926771386)	('>10', 7.956878366670433)	('>50', 4.313105058952047)	('>100', 9.963696462877161)	('>500', 5.614805816099747)	('>1k', 12.262920480656948)	('>5k', 3.2376539722002486)	('>10k+', 41.17037706708856)
Yell_July18_Site5e_S95_L001_R1	(1.0, 3.9855218178162075)	(2.0, 1.1571055126253196)	(3.0, 0.7092585676941197)	(4.0, 0.5607422941024388)	(5.0, 0.5084599695498548)	(6.0, 0.453304989802074)	(7.0, 0.34787854413834707)	(8.0, 0.3286317543305277)	(9.0, 0.3076613714055902)	('>10', 6.210106000976703)	('>50', 3.135503145557439)	('>100', 8.630892533969147)	('>500', 3.303840739995978)	('>1k', 11.563298957226165)	('>5k', 13.437131941053115)	('>10k+', 45.36066185975697)
Yell_July18_Site5e_S95_L001_R2	(1.0, 2.977794375341128)	(2.0, 0.8026198615380197)	(3.0, 0.5860216598201717)	(4.0, 0.4240039068110654)	(5.0, 0.34902760621642587)	(6.0, 0.31886472666685817)	(7.0, 0.3317916750452443)	(8.0, 0.3056505127689524)	(9.0, 0.26629513659475457)	('>10', 4.557467467179914)	('>50', 2.217689810692023)	('>100', 5.080865243744793)	('>500', 3.175433052770676)	('>1k', 9.295337680618196)	('>5k', 7.182499784550861)	('>10k+', 62.12863749964092)
Yell_July18_Site5ee_S136_L001_R1	(1.0, 5.426010647925652)	(2.0, 1.633389298397818)	(3.0, 1.1066103271147618)	(4.0, 0.8363552387669377)	(5.0, 0.6491115285952352)	(6.0, 0.5710933160236926)	(7.0, 0.48933022924871583)	(8.0, 0.5043097260624521)	(9.0, 0.3623165791822443)	('>10', 7.5942928117139665)	('>50', 3.2842546764116616)	('>100', 9.761950829801709)	('>500', 3.7673434486546538)	('>1k', 21.536459471098933)	('>5k', 11.552624844743757)	('>10k+', 30.92454702625781)
Yell_July18_Site5ee_S136_L001_R2	(1.0, 5.414463952465064)	(2.0, 1.4186831774009323)	(3.0, 0.8472777885269537)	(4.0, 0.6503598199963799)	(5.0, 0.535204938240783)	(6.0, 0.48496120934470943)	(7.0, 0.3822892416005592)	(8.0, 0.3570113407273794)	(9.0, 0.35108195657194213)	('>10', 7.3926937504291)	('>50', 3.7773297798638112)	('>100', 7.377090107914791)	('>500', 3.0642433169599115)	('>1k', 13.778952558685301)	('>5k', 4.974441233561563)	('>10k+', 49.193915827710825)
Yell_July18_Site5f_S96_L001_R1	(1.0, 28.553166763509587)	(2.0, 5.833817547937246)	(3.0, 2.684485764090645)	(4.0, 2.41719930273097)	(5.0, 1.801278326554329)	(6.0, 1.7431725740848343)	(7.0, 1.6269610691458454)	(8.0, 1.5804764671702498)	(9.0, 0.41836141778036023)	('>10', 16.09529343404997)	('>50', 4.299825682742592)	('>100', 8.4253341080767)	('>500', 6.263800116211506)	('>1k', 18.256827425915166)	('>5k', 0.0)	('>10k+', 0.0)
Yell_July18_Site5f_S96_L001_R2	(1.0, 21.76641487507263)	(2.0, 6.019755955839628)	(3.0, 3.800116211504939)	(4.0, 2.463683904706566)	(5.0, 1.6269610691458454)	(6.0, 1.7431725740848343)	(7.0, 1.3829169087739686)	(8.0, 1.208599651365485)	(9.0, 0.6275421266705404)	('>10', 10.180127832655433)	('>50', 3.009877977919814)	('>100', 20.383497966298663)	('>500', 7.077280650784427)	('>1k', 18.710052295177224)	('>5k', 0.0)	('>10k+', 0.0)
Yell_July18_Site5ff_S137_L001_R1	(1.0, 7.9860015422029775)	(2.0, 2.480336912035115)	(3.0, 1.5559641734385194)	(4.0, 1.1806156948810724)	(5.0, 0.9336259564624236)	(6.0, 0.8584139035529984)	(7.0, 0.6161694050655436)	(8.0, 0.5542440239634617)	(9.0, 0.5466516400735512)	('>10', 7.2711311465685995)	('>50', 3.222729699270419)	('>100', 11.99193309211697)	('>500', 7.79381932498962)	('>1k', 24.2714277240643)	('>5k', 15.353698321371375)	('>10k+', 13.383237439943057)
Yell_July18_Site5ff_S137_L001_R2	(1.0, 9.310160745002669)	(2.0, 2.3275401862506673)	(3.0, 1.386559107894893)	(4.0, 0.9889080016608339)	(5.0, 0.8280443679933567)	(6.0, 0.6733495462364316)	(7.0, 0.6128477371137078)	(8.0, 0.4935049528441782)	(9.0, 0.36941692864345455)	('>10', 7.4993771872590305)	('>50', 4.987721691678035)	('>100', 14.01601518476778)	('>500', 5.7403167447654075)	('>1k', 15.34871581944362)	('>5k', 3.017498072246278)	('>10k+', 32.400023726199656)
Yell_July18_Site5g_S97_L001_R1	(1.0, 15.831048134248038)	(2.0, 5.0221344539388095)	(3.0, 3.012719121734817)	(4.0, 2.0140949207745655)	(5.0, 1.684651885406235)	(6.0, 1.2915664454781135)	(7.0, 1.4216590077400395)	(8.0, 1.14556328207624)	(9.0, 0.8254794238490551)	('>10', 13.140284706168634)	('>50', 7.463007852349622)	('>100', 18.769829756567802)	('>500', 18.15399590068041)	('>1k', 10.223965108987617)	('>5k', 0.0)	('>10k+', 0.0)
Yell_July18_Site5g_S97_L001_R2	(1.0, 21.72545789774163)	(2.0, 5.783971473228074)	(3.0, 3.2317238668376276)	(4.0, 2.2536898555878966)	(5.0, 1.539584639718476)	(6.0, 1.2803354329087386)	(7.0, 0.9630593278238977)	(8.0, 0.9059683472629085)	(9.0, 0.8507492021301487)	('>10', 16.260634365026625)	('>50', 13.005512555336136)	('>100', 23.67310266081406)	('>500', 6.355817196552079)	('>1k', 2.1703931790316995)	('>5k', 0.0)	('>10k+', 0.0)
Yell_July18_Site5h_S98_L001_R1	(1.0, 3.5142766657884303)	(2.0, 0.9985282885299651)	(3.0, 0.6115719634972974)	(4.0, 0.4534893932982571)	(5.0, 0.3845611345751065)	(6.0, 0.34490742588881523)	(7.0, 0.3427783677043164)	(8.0, 0.33426213496632096)	(9.0, 0.308979569025397)	('>10', 6.253576152419275)	('>50', 3.355661831043265)	('>100', 5.973072736611551)	('>500', 3.1549980971542477)	('>1k', 5.203684335188275)	('>5k', 9.94908889616317)	('>10k+', 58.816563008146304)
Yell_July18_Site5h_S98_L001_R2	(1.0, 2.4130213198563952)	(2.0, 0.6626693599252701)	(3.0, 0.3768432986562981)	(4.0, 0.28316473853834834)	(5.0, 0.2621402889664221)	(6.0, 0.22674469664912855)	(7.0, 0.19374429478939623)	(8.0, 0.18522806205140077)	(9.0, 0.17245371294440762)	('>10', 3.5611159458474053)	('>50', 2.1428970626981023)	('>100', 5.362033037660377)	('>500', 2.0130245134436717)	('>1k', 6.765082381245126)	('>5k', 7.773989828424524)	('>10k+', 67.60584745830373)
Yell_July18_Site5k_S108_L001_R1	(1.0, 12.320124876018276)	(2.0, 3.4145786247378096)	(3.0, 1.970699663420107)	(4.0, 1.5219264727402806)	(5.0, 0.9999837401017869)	(6.0, 0.6341360303084502)	(7.0, 0.6601518674493098)	(8.0, 0.5983642542397685)	(9.0, 0.5121867937106714)	('>10', 10.403082876701191)	('>50', 7.464919269605372)	('>100', 18.466366400546335)	('>500', 6.995008211248598)	('>1k', 20.62080291377376)	('>5k', 13.417668005398287)	('>10k+', 0.0)
Yell_July18_Site5k_S108_L001_R2	(1.0, 14.0794458626689)	(2.0, 3.138160355116177)	(3.0, 1.9804556023479292)	(4.0, 1.6259898213037187)	(5.0, 1.260142111510382)	(6.0, 0.7707191752979626)	(7.0, 0.6942976536966879)	(8.0, 0.5853563356693388)	(9.0, 0.7902310531536073)	('>10', 12.014438789613177)	('>50', 5.999902440610722)	('>100', 9.42261101445505)	('>500', 9.294157818572057)	('>1k', 6.315344465943642)	('>5k', 32.02874750004065)	('>10k+', 0.0)
Yell_July18_Site5m_S110_L001_R1	(1.0, 9.718201835770305)	(2.0, 3.0711629019355584)	(3.0, 1.838244390014597)	(4.0, 1.204054198932845)	(5.0, 0.9690162217438992)	(6.0, 0.836240381998565)	(7.0, 0.6407877483361786)	(8.0, 0.6465606109338018)	(9.0, 0.6012024048096193)	('>10', 9.111226568363064)	('>50', 5.343196681428701)	('>100', 14.358758669602581)	('>500', 4.801372291908921)	('>1k', 16.912013327065655)	('>5k', 13.937339699976084)	('>10k+', 16.01062206717963)
Yell_July18_Site5m_S110_L001_R2	(1.0, 10.526402599437558)	(2.0, 2.7066478636284916)	(3.0, 1.6675325960563103)	(4.0, 1.190859084423992)	(5.0, 0.9360284354717665)	(6.0, 0.9253074049333234)	(7.0, 0.6869706491171644)	(8.0, 0.5739874811351098)	(9.0, 0.5418243895197803)	('>10', 9.87077034727892)	('>50', 3.909877367904533)	('>100', 10.671548859034942)	('>500', 2.582943665107994)	('>1k', 11.870654890026968)	('>5k', 22.540554359748302)	('>10k+', 18.798090007174846)
Yell_July18_Site5n_S115_L001_R1	(1.0, 12.494652041327205)	(2.0, 3.8013745391652636)	(3.0, 2.4468617723362613)	(4.0, 1.6421646716125802)	(5.0, 1.4063993445905967)	(6.0, 0.9503436347913159)	(7.0, 0.9430613080879341)	(8.0, 0.7864912839652269)	(9.0, 0.6881798734695735)	('>10', 9.345045742114605)	('>50', 4.658868508488462)	('>100', 19.036002002639844)	('>500', 5.691138318692823)	('>1k', 24.495926448500295)	('>5k', 11.613490510218014)	('>10k+', 0.0)
Yell_July18_Site5n_S115_L001_R2	(1.0, 13.010786946429384)	(2.0, 3.122297574074917)	(3.0, 1.8078376041145146)	(4.0, 1.2489190296299668)	(5.0, 0.9785626507669201)	(6.0, 0.7974147740202995)	(7.0, 0.7582722679896227)	(8.0, 0.6699740567111192)	(9.0, 0.5407127577260935)	('>10', 11.716353374903282)	('>50', 3.989804742615265)	('>100', 11.341313549679123)	('>500', 7.524464066269173)	('>1k', 16.57184470438305)	('>5k', 11.488780665422603)	('>10k+', 14.432661235264668)
Yell_July18_Site5o_S116_L001_R1	(1.0, 9.809284177515226)	(2.0, 2.820625022791088)	(3.0, 1.8241986653539)	(4.0, 1.272654341246399)	(5.0, 0.9298763811399191)	(6.0, 0.7657805491740509)	(7.0, 0.7593990445976005)	(8.0, 0.7293148087371913)	(9.0, 0.5661306202822448)	('>10', 9.692593808117273)	('>50', 4.071399919775371)	('>100', 14.144149071946908)	('>500', 12.738394778105969)	('>1k', 15.425919848302518)	('>5k', 11.370929511723736)	('>10k+', 13.079349451190605)
Yell_July18_Site5o_S116_L001_R2	(1.0, 9.778288298143893)	(2.0, 2.271815629216351)	(3.0, 1.3237063778580023)	(4.0, 0.9590489734894067)	(5.0, 0.7475476789556212)	(6.0, 0.6837326331911169)	(7.0, 0.5807169164569886)	(8.0, 0.4740546256791744)	(9.0, 0.4430587463078438)	('>10', 10.269664150530575)	('>50', 7.043357765379427)	('>100', 15.433212996389893)	('>500', 2.6082120847463806)	('>1k', 14.497866754184443)	('>5k', 12.125770338766728)	('>10k+', 20.759946030704153)
Yell_July18_Site5p_S121_L001_R1	(1.0, 8.637847145746152)	(2.0, 3.03813013502059)	(3.0, 2.1023967322747934)	(4.0, 1.5430924587362929)	(5.0, 1.2948094160676504)	(6.0, 0.9010271709749114)	(7.0, 0.9297265549392975)	(8.0, 0.8916831854981346)	(9.0, 0.6126984762629397)	('>10', 11.067283369708134)	('>50', 3.7155690820869123)	('>100', 14.258921837561486)	('>500', 6.440008276101422)	('>1k', 12.959440428755448)	('>5k', 9.217174245306316)	('>10k+', 22.39019148495952)
Yell_July18_Site5p_S121_L001_R2	(1.0, 9.056324209598943)	(2.0, 2.8031956430330576)	(3.0, 1.8020543419498227)	(4.0, 1.1800118802101063)	(5.0, 1.0211641271048997)	(6.0, 0.9170454317922431)	(7.0, 0.8456306856483057)	(8.0, 0.7742159395043683)	(9.0, 0.6427327152954367)	('>10', 10.866387681957432)	('>50', 4.044610856376269)	('>100', 9.005599717010726)	('>500', 3.653498321419752)	('>1k', 12.113809743107142)	('>5k', 5.526299981979457)	('>10k+', 35.74741872401204)
Yell_July18_Site5q_S122_L001_R1	(1.0, 24.98284363562424)	(2.0, 6.652856852379016)	(3.0, 3.7000559170394474)	(4.0, 2.5289751931679545)	(5.0, 2.1254829198861325)	(6.0, 1.5821980479869866)	(7.0, 1.4811661244408296)	(8.0, 1.3877592517283448)	(9.0, 1.3038836925579504)	('>10', 24.64543513623424)	('>50', 8.79867324115494)	('>100', 19.80797580317202)	('>500', 1.0026941846278974)	('>1k', 0.0)	('>5k', 0.0)	('>10k+', 0.0)
Yell_July18_Site5q_S122_L001_R2	(1.0, 29.969626880845873)	(2.0, 7.344194794631964)	(3.0, 4.636030906872712)	(4.0, 3.65494103294022)	(5.0, 3.011895079300529)	(6.0, 2.508641724278162)	(7.0, 2.1883895892639287)	(8.0, 1.9825132167547783)	(9.0, 1.7385115900772672)	('>10', 22.7830164701098)	('>50', 8.536244408296055)	('>100', 11.217720618137454)	('>500', 0.42827368849125663)	('>1k', 0.0)	('>5k', 0.0)	('>10k+', 0.0)
Yell_July18_Site5r_S123_L001_R1	(1.0, 8.404820261437909)	(2.0, 2.5837418300653594)	(3.0, 1.5456495098039216)	(4.0, 1.3378267973856208)	(5.0, 0.942095588235294)	(6.0, 0.857843137254902)	(7.0, 0.6755514705882353)	(8.0, 0.5637254901960784)	(9.0, 0.6433823529411764)	('>10', 8.214358660130719)	('>50', 2.2263071895424837)	('>100', 11.807087418300654)	('>500', 9.456188725490195)	('>1k', 21.78359885620915)	('>5k', 14.563929738562093)	('>10k+', 14.39389297385621)
Yell_July18_Site5r_S123_L001_R2	(1.0, 8.554432189542483)	(2.0, 2.0526960784313726)	(3.0, 1.2316176470588236)	(4.0, 0.9375)	(5.0, 0.7914624183006536)	(6.0, 0.6924019607843137)	(7.0, 0.5540236928104575)	(8.0, 0.5024509803921569)	(9.0, 0.4503676470588235)	('>10', 8.012152777777779)	('>50', 4.111008986928105)	('>100', 9.560866013071895)	('>500', 3.0836397058823533)	('>1k', 16.343954248366014)	('>5k', 12.53216911764706)	('>10k+', 30.58925653594771)
Yell_July18_Site5s_S124_L001_R1	(1.0, 9.116867070487901)	(2.0, 3.4068649609739925)	(3.0, 2.544977850103969)	(4.0, 2.094445951240093)	(5.0, 1.521863604857909)	(6.0, 1.4239218877135882)	(7.0, 1.2393394207877528)	(8.0, 0.8136696501220505)	(9.0, 0.8136696501220505)	('>10', 8.30847120513516)	('>50', 4.132387065666155)	('>100', 17.154868456739898)	('>500', 7.784859717325136)	('>1k', 18.586324322695354)	('>5k', 10.929542235482025)	('>10k+', 10.127926950546968)
Yell_July18_Site5s_S124_L001_R2	(1.0, 11.985052587168129)	(2.0, 4.012596811620408)	(3.0, 2.357381791881385)	(4.0, 1.5730946569026307)	(5.0, 1.212970496941205)	(6.0, 0.9854443540367056)	(7.0, 0.6644968809330078)	(8.0, 0.6328541723171504)	(9.0, 0.549227013832384)	('>10', 9.630684386583493)	('>50', 4.672573305608293)	('>100', 11.762800229032939)	('>500', 4.180604526414128)	('>1k', 11.728143929120332)	('>5k', 13.689238465479312)	('>10k+', 20.3628363921285)
Yell_July18_Site5u_S126_L001_R1	(1.0, 10.521628498727734)	(2.0, 3.224612537589637)	(3.0, 1.9986120749479526)	(4.0, 1.3786722183668747)	(5.0, 1.179736294240111)	(6.0, 0.8605135322692574)	(7.0, 0.7772380291464261)	(8.0, 0.7217210270645386)	(9.0, 0.5517002081887579)	('>10', 11.30233634050428)	('>50', 5.809622947027527)	('>100', 19.02613925514689)	('>500', 10.205875549387)	('>1k', 20.94031922276197)	('>5k', 11.501272264631043)	('>10k+', 0.0)
Yell_July18_Site5u_S126_L001_R2	(1.0, 10.68586629655332)	(2.0, 2.7203331020124915)	(3.0, 1.7071478140180432)	(4.0, 1.2306268794818414)	(5.0, 0.9946796206338191)	(6.0, 0.7980569049271339)	(7.0, 0.744853111265325)	(8.0, 0.5829285218598196)	(9.0, 0.5100624566273421)	('>10', 10.542447374508443)	('>50', 5.407124681933842)	('>100', 15.042794355771456)	('>500', 6.11265325005783)	('>1k', 11.087207957436965)	('>5k', 31.83321767291233)	('>10k+', 0.0)
Yell_July18_Site5v_S127_L001_R1	(1.0, 9.447714827932165)	(2.0, 2.6496150080382934)	(3.0, 1.5629344002707637)	(4.0, 1.3296425679024284)	(5.0, 1.0939332035924525)	(6.0, 0.8340485198660686)	(7.0, 0.7192157526381318)	(8.0, 0.5705375382272239)	(9.0, 0.5004291119196412)	('>10', 7.489513955203134)	('>50', 6.36173530442771)	('>100', 17.52952410883729)	('>500', 10.256379262411004)	('>1k', 30.23365446215958)	('>5k', 9.421121976574115)	('>10k+', 0.0)
Yell_July18_Site5v_S127_L001_R2	(1.0, 9.760785214374646)	(2.0, 2.069407342044507)	(3.0, 1.2583253756240254)	(4.0, 0.8074556685080201)	(5.0, 0.7192157526381318)	(6.0, 0.5294394952193306)	(7.0, 0.5922953257019908)	(8.0, 0.5125167716278451)	(9.0, 0.5004291119196412)	('>10', 12.356005753726022)	('>50', 5.814164319646074)	('>100', 9.428374572399038)	('>500', 7.605555488401891)	('>1k', 20.310894607695005)	('>5k', 8.426307582588935)	('>10k+', 19.3088276178849)
Yell_July18_Site5w_S128_L001_R1	(1.0, 84.61538461538461)	(2.0, 15.384615384615385)	(3.0, 0.0)	(4.0, 0.0)	(5.0, 0.0)	(6.0, 0.0)	(7.0, 0.0)	(8.0, 0.0)	(9.0, 0.0)	('>10', 0.0)	('>50', 0.0)	('>100', 0.0)	('>500', 0.0)	('>1k', 0.0)	('>5k', 0.0)	('>10k+', 0.0)
Yell_July18_Site5w_S128_L001_R2	(1.0, 69.23076923076923)	(2.0, 30.76923076923077)	(3.0, 0.0)	(4.0, 0.0)	(5.0, 0.0)	(6.0, 0.0)	(7.0, 0.0)	(8.0, 0.0)	(9.0, 0.0)	('>10', 0.0)	('>50', 0.0)	('>100', 0.0)	('>500', 0.0)	('>1k', 0.0)	('>5k', 0.0)	('>10k+', 0.0)
Yell_July18_Site5z_S131_L001_R1	(1.0, 9.961656114667216)	(2.0, 2.9903578116458407)	(3.0, 1.9208774507713362)	(4.0, 1.3794493833574355)	(5.0, 1.1650492965118309)	(6.0, 0.9258361797238774)	(7.0, 0.8291041333080033)	(8.0, 0.7304335689278832)	(9.0, 0.6873984701216226)	('>10', 9.972899518859842)	('>50', 4.088140534798336)	('>100', 14.697067797727282)	('>500', 4.473517906090436)	('>1k', 12.406902674767087)	('>5k', 2.2213477352294624)	('>10k+', 31.549961423492512)
Yell_July18_Site5z_S131_L001_R2	(1.0, 12.011251158264484)	(2.0, 3.01943558110953)	(3.0, 1.737105947760818)	(4.0, 1.2313466108890432)	(5.0, 0.9673204641587413)	(6.0, 0.8327873174400707)	(7.0, 0.7666838548592829)	(8.0, 0.5877586467593795)	(9.0, 0.546080510528091)	('>10', 8.88325857115718)	('>50', 4.408965257881045)	('>100', 13.976908374009902)	('>500', 3.224530781726754)	('>1k', 6.2488126577469)	('>5k', 4.702263025871461)	('>10k+', 36.85549123983732)
