Sample	0	1	2	3	4	5	6	7	8	9	10	11	12	13	14	15	16	17	18	19	20	21	22	23	24	25	26	27	28	29	30	31	32	33	34	35	36	37	38	39	40	41	42	43	44	45	46	47	48	49	50
Yell_July18_Site1J_S99_L001_R1	(40, 2.0)	(45, 23.0)	(50, 0.0)	(55, 3.0)	(60, 3.0)	(65, 12.0)	(70, 1.0)	(75, 2.0)	(80, 0.0)	(85, 1.0)	(90, 1.0)	(95, 4.0)	(100, 2.0)	(105, 12.0)	(110, 0.0)	(115, 1.0)	(120, 6.0)	(125, 7.0)	(130, 4.0)	(135, 1.0)	(140, 1.0)	(145, 16.0)	(150, 50.0)	(155, 415.0)	(160, 91.0)	(165, 9.0)	(170, 2.0)	(175, 4.0)	(180, 0.0)	(185, 2.0)	(190, 1.0)	(195, 1.0)	(200, 0.0)	(205, 4.0)	(210, 3.0)	(215, 4.0)	(220, 13.0)	(225, 25.0)	(230, 59.0)	(235, 4.0)	(240, 4.0)	(245, 0.0)	(250, 0.0)	(255, 1.0)	(260, 0.0)	(265, 0.0)	(270, 2.0)	(275, 2.0)	(280, 4.0)	(285, 0.0)	(290, 7759.0)
Yell_July18_Site1J_S99_L001_R2	(40, 2.0)	(45, 23.0)	(50, 0.0)	(55, 3.0)	(60, 3.0)	(65, 5.0)	(70, 1.0)	(75, 2.0)	(80, 0.0)	(85, 1.0)	(90, 1.0)	(95, 3.0)	(100, 2.0)	(105, 12.0)	(110, 0.0)	(115, 1.0)	(120, 6.0)	(125, 7.0)	(130, 3.0)	(135, 1.0)	(140, 1.0)	(145, 16.0)	(150, 50.0)	(155, 414.0)	(160, 91.0)	(165, 7.0)	(170, 0.0)	(175, 1.0)	(180, 8.0)	(185, 3.0)	(190, 0.0)	(195, 1.0)	(200, 1.0)	(205, 3.0)	(210, 3.0)	(215, 1.0)	(220, 5.0)	(225, 10.0)	(230, 40.0)	(235, 60.0)	(240, 3.0)	(245, 0.0)	(250, 0.0)	(255, 0.0)	(260, 1.0)	(265, 0.0)	(270, 0.0)	(275, 0.0)	(280, 2.0)	(285, 0.0)	(290, 7764.0)
Yell_July18_Site1L_S101_L001_R1	(40, 22.0)	(45, 35.0)	(50, 11.0)	(55, 32.0)	(60, 6.0)	(65, 6.0)	(70, 0.0)	(75, 4.0)	(80, 6.0)	(85, 5.0)	(90, 2.0)	(95, 1.0)	(100, 1.0)	(105, 19.0)	(110, 9.0)	(115, 14.0)	(120, 329.0)	(125, 417.0)	(130, 220.0)	(135, 188.0)	(140, 404.0)	(145, 469.0)	(150, 981.0)	(155, 24864.0)	(160, 8429.0)	(165, 720.0)	(170, 20.0)	(175, 6.0)	(180, 7.0)	(185, 6.0)	(190, 2.0)	(195, 3.0)	(200, 3.0)	(205, 0.0)	(210, 2.0)	(215, 3.0)	(220, 29.0)	(225, 103.0)	(230, 177.0)	(235, 36.0)	(240, 4.0)	(245, 0.0)	(250, 0.0)	(255, 1.0)	(260, 1.0)	(265, 0.0)	(270, 2.0)	(275, 1.0)	(280, 1.0)	(285, 0.0)	(290, 12197.0)
Yell_July18_Site1L_S101_L001_R2	(40, 22.0)	(45, 36.0)	(50, 11.0)	(55, 32.0)	(60, 6.0)	(65, 5.0)	(70, 0.0)	(75, 4.0)	(80, 6.0)	(85, 2.0)	(90, 3.0)	(95, 5.0)	(100, 1.0)	(105, 18.0)	(110, 9.0)	(115, 13.0)	(120, 328.0)	(125, 418.0)	(130, 220.0)	(135, 188.0)	(140, 404.0)	(145, 469.0)	(150, 981.0)	(155, 24864.0)	(160, 8429.0)	(165, 720.0)	(170, 21.0)	(175, 6.0)	(180, 7.0)	(185, 5.0)	(190, 1.0)	(195, 1.0)	(200, 3.0)	(205, 1.0)	(210, 2.0)	(215, 1.0)	(220, 1.0)	(225, 9.0)	(230, 80.0)	(235, 193.0)	(240, 27.0)	(245, 4.0)	(250, 1.0)	(255, 1.0)	(260, 1.0)	(265, 1.0)	(270, 5.0)	(275, 4.0)	(280, 2.0)	(285, 0.0)	(290, 12227.0)
Yell_July18_Site1U_S114_L001_R1	(40, 724.0)	(45, 777.0)	(50, 443.0)	(55, 566.0)	(60, 640.0)	(65, 751.0)	(70, 599.0)	(75, 919.0)	(80, 652.0)	(85, 656.0)	(90, 711.0)	(95, 537.0)	(100, 477.0)	(105, 468.0)	(110, 460.0)	(115, 428.0)	(120, 484.0)	(125, 330.0)	(130, 338.0)	(135, 404.0)	(140, 286.0)	(145, 239.0)	(150, 322.0)	(155, 930.0)	(160, 243.0)	(165, 218.0)	(170, 165.0)	(175, 144.0)	(180, 111.0)	(185, 166.0)	(190, 120.0)	(195, 105.0)	(200, 76.0)	(205, 65.0)	(210, 63.0)	(215, 47.0)	(220, 68.0)	(225, 54.0)	(230, 40.0)	(235, 34.0)	(240, 36.0)	(245, 25.0)	(250, 25.0)	(255, 13.0)	(260, 5.0)	(265, 17.0)	(270, 16.0)	(275, 14.0)	(280, 15.0)	(285, 11.0)	(290, 27478.0)
Yell_July18_Site1U_S114_L001_R2	(40, 724.0)	(45, 777.0)	(50, 443.0)	(55, 567.0)	(60, 637.0)	(65, 725.0)	(70, 599.0)	(75, 919.0)	(80, 651.0)	(85, 649.0)	(90, 606.0)	(95, 633.0)	(100, 486.0)	(105, 467.0)	(110, 455.0)	(115, 429.0)	(120, 481.0)	(125, 325.0)	(130, 339.0)	(135, 405.0)	(140, 285.0)	(145, 236.0)	(150, 328.0)	(155, 933.0)	(160, 240.0)	(165, 217.0)	(170, 159.0)	(175, 144.0)	(180, 115.0)	(185, 163.0)	(190, 119.0)	(195, 106.0)	(200, 78.0)	(205, 67.0)	(210, 67.0)	(215, 48.0)	(220, 66.0)	(225, 55.0)	(230, 31.0)	(235, 41.0)	(240, 38.0)	(245, 23.0)	(250, 26.0)	(255, 11.0)	(260, 7.0)	(265, 19.0)	(270, 18.0)	(275, 19.0)	(280, 24.0)	(285, 11.0)	(290, 27504.0)
Yell_July18_Site1a_S83_L001_R1	(40, 30.0)	(45, 2982.0)	(50, 35.0)	(55, 25.0)	(60, 21.0)	(65, 21.0)	(70, 10.0)	(75, 29.0)	(80, 13.0)	(85, 19.0)	(90, 14.0)	(95, 7.0)	(100, 28.0)	(105, 705.0)	(110, 705.0)	(115, 67.0)	(120, 5158.0)	(125, 3247.0)	(130, 1029.0)	(135, 674.0)	(140, 1279.0)	(145, 7605.0)	(150, 27510.0)	(155, 128459.0)	(160, 17068.0)	(165, 2919.0)	(170, 96.0)	(175, 20.0)	(180, 33.0)	(185, 63.0)	(190, 17.0)	(195, 30.0)	(200, 29.0)	(205, 21.0)	(210, 18.0)	(215, 34.0)	(220, 213.0)	(225, 496.0)	(230, 931.0)	(235, 113.0)	(240, 10.0)	(245, 2.0)	(250, 2.0)	(255, 1.0)	(260, 4.0)	(265, 3.0)	(270, 4.0)	(275, 10.0)	(280, 5.0)	(285, 0.0)	(290, 19147.0)
Yell_July18_Site1a_S83_L001_R2	(30, 1.0)	(40, 3012.0)	(50, 60.0)	(60, 39.0)	(70, 39.0)	(80, 33.0)	(90, 22.0)	(100, 735.0)	(110, 759.0)	(120, 8403.0)	(130, 1704.0)	(140, 8886.0)	(150, 155969.0)	(160, 19988.0)	(170, 118.0)	(180, 88.0)	(190, 29.0)	(200, 50.0)	(210, 26.0)	(220, 215.0)	(230, 1371.0)	(240, 90.0)	(250, 5.0)	(260, 8.0)	(270, 31.0)	(280, 8.0)	(290, 19272.0)																								
Yell_July18_Site1b_S84_L001_R1	(40, 5.0)	(45, 985.0)	(50, 30.0)	(55, 50.0)	(60, 12.0)	(65, 29.0)	(70, 14.0)	(75, 32.0)	(80, 44.0)	(85, 21.0)	(90, 101.0)	(95, 33.0)	(100, 22.0)	(105, 27.0)	(110, 13.0)	(115, 29.0)	(120, 3238.0)	(125, 2061.0)	(130, 616.0)	(135, 361.0)	(140, 919.0)	(145, 5325.0)	(150, 16478.0)	(155, 67820.0)	(160, 8903.0)	(165, 2047.0)	(170, 91.0)	(175, 14.0)	(180, 22.0)	(185, 42.0)	(190, 40.0)	(195, 13.0)	(200, 23.0)	(205, 11.0)	(210, 13.0)	(215, 17.0)	(220, 164.0)	(225, 313.0)	(230, 532.0)	(235, 51.0)	(240, 7.0)	(245, 2.0)	(250, 0.0)	(255, 8.0)	(260, 7.0)	(265, 0.0)	(270, 7.0)	(275, 10.0)	(280, 2.0)	(285, 4.0)	(290, 46910.0)
Yell_July18_Site1b_S84_L001_R2	(30, 2.0)	(40, 991.0)	(50, 79.0)	(60, 41.0)	(70, 47.0)	(80, 65.0)	(90, 136.0)	(100, 45.0)	(110, 45.0)	(120, 5294.0)	(130, 977.0)	(140, 6244.0)	(150, 84300.0)	(160, 10948.0)	(170, 107.0)	(180, 64.0)	(190, 46.0)	(200, 37.0)	(210, 16.0)	(220, 127.0)	(230, 795.0)	(240, 67.0)	(250, 7.0)	(260, 15.0)	(270, 33.0)	(280, 9.0)	(290, 46981.0)																								
Yell_July18_Site1bb_S139_L001_R1	(40, 12.0)	(45, 10558.0)	(50, 491.0)	(55, 3082.0)	(60, 35.0)	(65, 395.0)	(70, 28.0)	(75, 226.0)	(80, 12.0)	(85, 29.0)	(90, 1470.0)	(95, 450.0)	(100, 23.0)	(105, 29.0)	(110, 33.0)	(115, 52.0)	(120, 4693.0)	(125, 2540.0)	(130, 713.0)	(135, 416.0)	(140, 1007.0)	(145, 6279.0)	(150, 24880.0)	(155, 85244.0)	(160, 9970.0)	(165, 2752.0)	(170, 41.0)	(175, 11.0)	(180, 11.0)	(185, 146.0)	(190, 20.0)	(195, 21.0)	(200, 20.0)	(205, 18.0)	(210, 18.0)	(215, 38.0)	(220, 300.0)	(225, 632.0)	(230, 783.0)	(235, 71.0)	(240, 6.0)	(245, 1.0)	(250, 4.0)	(255, 4.0)	(260, 4.0)	(265, 3.0)	(270, 10.0)	(275, 17.0)	(280, 7.0)	(285, 0.0)	(290, 9450.0)
Yell_July18_Site1bb_S139_L001_R2	(40, 12.0)	(45, 10558.0)	(50, 491.0)	(55, 3083.0)	(60, 33.0)	(65, 378.0)	(70, 25.0)	(75, 226.0)	(80, 11.0)	(85, 18.0)	(90, 61.0)	(95, 1867.0)	(100, 33.0)	(105, 27.0)	(110, 31.0)	(115, 42.0)	(120, 4685.0)	(125, 2542.0)	(130, 711.0)	(135, 421.0)	(140, 1006.0)	(145, 6281.0)	(150, 24887.0)	(155, 85255.0)	(160, 9971.0)	(165, 2752.0)	(170, 40.0)	(175, 13.0)	(180, 11.0)	(185, 145.0)	(190, 9.0)	(195, 12.0)	(200, 19.0)	(205, 14.0)	(210, 11.0)	(215, 14.0)	(220, 32.0)	(225, 191.0)	(230, 724.0)	(235, 675.0)	(240, 83.0)	(245, 3.0)	(250, 5.0)	(255, 3.0)	(260, 11.0)	(265, 6.0)	(270, 11.0)	(275, 13.0)	(280, 10.0)	(285, 0.0)	(290, 9593.0)
Yell_July18_Site1c_S85_L001_R1	(40, 2.0)	(45, 96.0)	(50, 55.0)	(55, 41.0)	(60, 5.0)	(65, 4.0)	(70, 3.0)	(75, 7.0)	(80, 8.0)	(85, 9.0)	(90, 4.0)	(95, 9.0)	(100, 4.0)	(105, 13.0)	(110, 10.0)	(115, 13.0)	(120, 1688.0)	(125, 1730.0)	(130, 344.0)	(135, 346.0)	(140, 512.0)	(145, 4109.0)	(150, 11188.0)	(155, 62728.0)	(160, 6239.0)	(165, 2808.0)	(170, 43.0)	(175, 3.0)	(180, 12.0)	(185, 25.0)	(190, 328.0)	(195, 18.0)	(200, 27.0)	(205, 10.0)	(210, 10.0)	(215, 20.0)	(220, 89.0)	(225, 156.0)	(230, 507.0)	(235, 70.0)	(240, 5.0)	(245, 2.0)	(250, 1.0)	(255, 4.0)	(260, 6.0)	(265, 1.0)	(270, 7.0)	(275, 1.0)	(280, 4.0)	(285, 2.0)	(290, 34848.0)
Yell_July18_Site1c_S85_L001_R2	(20, 1.0)	(30, 0.0)	(40, 98.0)	(50, 98.0)	(60, 7.0)	(70, 9.0)	(80, 17.0)	(90, 13.0)	(100, 19.0)	(110, 22.0)	(120, 3418.0)	(130, 690.0)	(140, 4621.0)	(150, 73917.0)	(160, 9048.0)	(170, 48.0)	(180, 38.0)	(190, 334.0)	(200, 22.0)	(210, 8.0)	(220, 90.0)	(230, 643.0)	(240, 69.0)	(250, 2.0)	(260, 7.0)	(270, 22.0)	(280, 8.0)	(290, 34905.0)																							
Yell_July18_Site1cc_S140_L001_R1	(40, 251.0)	(45, 6008.0)	(50, 174.0)	(55, 766.0)	(60, 29.0)	(65, 142.0)	(70, 22.0)	(75, 19.0)	(80, 12.0)	(85, 32.0)	(90, 1408.0)	(95, 380.0)	(100, 18.0)	(105, 24.0)	(110, 51.0)	(115, 115.0)	(120, 10377.0)	(125, 9507.0)	(130, 1786.0)	(135, 702.0)	(140, 2206.0)	(145, 9857.0)	(150, 31081.0)	(155, 177288.0)	(160, 23340.0)	(165, 5908.0)	(170, 91.0)	(175, 21.0)	(180, 35.0)	(185, 478.0)	(190, 32.0)	(195, 52.0)	(200, 44.0)	(205, 30.0)	(210, 29.0)	(215, 47.0)	(220, 377.0)	(225, 777.0)	(230, 1271.0)	(235, 99.0)	(240, 8.0)	(245, 5.0)	(250, 1.0)	(255, 1.0)	(260, 2.0)	(265, 2.0)	(270, 3.0)	(275, 8.0)	(280, 11.0)	(285, 0.0)	(290, 69285.0)
Yell_July18_Site1cc_S140_L001_R2	(10, 1.0)	(20, 2.0)	(30, 1.0)	(40, 6261.0)	(50, 942.0)	(60, 36.0)	(70, 35.0)	(80, 8.0)	(90, 1686.0)	(100, 51.0)	(110, 140.0)	(120, 19848.0)	(130, 2491.0)	(140, 12065.0)	(150, 208505.0)	(160, 29252.0)	(170, 113.0)	(180, 525.0)	(190, 47.0)	(200, 86.0)	(210, 30.0)	(220, 267.0)	(230, 1922.0)	(240, 163.0)	(250, 13.0)	(260, 28.0)	(270, 87.0)	(280, 31.0)	(290, 69576.0)																						
Yell_July18_Site1d_S86_L001_R1	(40, 1.0)	(45, 3.0)	(50, 4.0)	(55, 19.0)	(60, 1.0)	(65, 1.0)	(70, 10.0)	(75, 6.0)	(80, 1.0)	(85, 2.0)	(90, 6.0)	(95, 2.0)	(100, 2.0)	(105, 5.0)	(110, 6.0)	(115, 11.0)	(120, 2455.0)	(125, 2595.0)	(130, 262.0)	(135, 247.0)	(140, 1163.0)	(145, 3336.0)	(150, 11944.0)	(155, 87110.0)	(160, 7482.0)	(165, 1214.0)	(170, 40.0)	(175, 17.0)	(180, 35.0)	(185, 346.0)	(190, 16.0)	(195, 15.0)	(200, 15.0)	(205, 7.0)	(210, 15.0)	(215, 31.0)	(220, 205.0)	(225, 422.0)	(230, 677.0)	(235, 47.0)	(240, 0.0)	(245, 5.0)	(250, 5.0)	(255, 7.0)	(260, 3.0)	(265, 2.0)	(270, 4.0)	(275, 5.0)	(280, 6.0)	(285, 2.0)	(290, 55316.0)
Yell_July18_Site1d_S86_L001_R2	(40, 1.0)	(45, 3.0)	(50, 4.0)	(55, 20.0)	(60, 1.0)	(65, 0.0)	(70, 10.0)	(75, 6.0)	(80, 1.0)	(85, 3.0)	(90, 1.0)	(95, 6.0)	(100, 3.0)	(105, 5.0)	(110, 7.0)	(115, 11.0)	(120, 2455.0)	(125, 2595.0)	(130, 262.0)	(135, 247.0)	(140, 1163.0)	(145, 3336.0)	(150, 11944.0)	(155, 87111.0)	(160, 7482.0)	(165, 1214.0)	(170, 40.0)	(175, 17.0)	(180, 35.0)	(185, 346.0)	(190, 12.0)	(195, 7.0)	(200, 23.0)	(205, 7.0)	(210, 2.0)	(215, 10.0)	(220, 21.0)	(225, 103.0)	(230, 505.0)	(235, 607.0)	(240, 74.0)	(245, 1.0)	(250, 3.0)	(255, 4.0)	(260, 10.0)	(265, 4.0)	(270, 20.0)	(275, 4.0)	(280, 4.0)	(285, 2.0)	(290, 55379.0)
Yell_July18_Site1dd_S141_L001_R1	(40, 52.0)	(45, 1626.0)	(50, 15.0)	(55, 31.0)	(60, 1.0)	(65, 4.0)	(70, 5.0)	(75, 1.0)	(80, 3.0)	(85, 9.0)	(90, 1042.0)	(95, 415.0)	(100, 76.0)	(105, 408.0)	(110, 26.0)	(115, 57.0)	(120, 5680.0)	(125, 4683.0)	(130, 1514.0)	(135, 1850.0)	(140, 1857.0)	(145, 6619.0)	(150, 21362.0)	(155, 159187.0)	(160, 23062.0)	(165, 7486.0)	(170, 79.0)	(175, 15.0)	(180, 24.0)	(185, 239.0)	(190, 28.0)	(195, 19.0)	(200, 20.0)	(205, 17.0)	(210, 15.0)	(215, 19.0)	(220, 177.0)	(225, 481.0)	(230, 878.0)	(235, 124.0)	(240, 7.0)	(245, 4.0)	(250, 3.0)	(255, 2.0)	(260, 4.0)	(265, 2.0)	(270, 5.0)	(275, 12.0)	(280, 7.0)	(285, 0.0)	(290, 82178.0)
Yell_July18_Site1dd_S141_L001_R2	(20, 1.0)	(30, 0.0)	(40, 1678.0)	(50, 48.0)	(60, 4.0)	(70, 4.0)	(80, 6.0)	(90, 1518.0)	(100, 23.0)	(110, 544.0)	(120, 10357.0)	(130, 3366.0)	(140, 8470.0)	(150, 180546.0)	(160, 30547.0)	(170, 91.0)	(180, 257.0)	(190, 25.0)	(200, 32.0)	(210, 17.0)	(220, 101.0)	(230, 1238.0)	(240, 142.0)	(250, 7.0)	(260, 26.0)	(270, 37.0)	(280, 9.0)	(290, 82336.0)																							
Yell_July18_Site1e_S91_L001_R1	(40, 2.0)	(45, 5193.0)	(50, 28.0)	(55, 30.0)	(60, 7.0)	(65, 3.0)	(70, 12.0)	(75, 0.0)	(80, 2.0)	(85, 0.0)	(90, 268.0)	(95, 192.0)	(100, 4.0)	(105, 6.0)	(110, 3.0)	(115, 4.0)	(120, 98.0)	(125, 94.0)	(130, 54.0)	(135, 56.0)	(140, 160.0)	(145, 400.0)	(150, 1552.0)	(155, 12637.0)	(160, 2816.0)	(165, 410.0)	(170, 13.0)	(175, 1.0)	(180, 1.0)	(185, 2.0)	(190, 1.0)	(195, 4.0)	(200, 0.0)	(205, 2.0)	(210, 1.0)	(215, 2.0)	(220, 18.0)	(225, 49.0)	(230, 74.0)	(235, 27.0)	(240, 6.0)	(245, 0.0)	(250, 0.0)	(255, 0.0)	(260, 1.0)	(265, 0.0)	(270, 0.0)	(275, 1.0)	(280, 1.0)	(285, 0.0)	(290, 6467.0)
Yell_July18_Site1e_S91_L001_R2	(40, 2.0)	(45, 5193.0)	(50, 28.0)	(55, 30.0)	(60, 7.0)	(65, 1.0)	(70, 12.0)	(75, 0.0)	(80, 2.0)	(85, 0.0)	(90, 14.0)	(95, 396.0)	(100, 3.0)	(105, 4.0)	(110, 3.0)	(115, 4.0)	(120, 98.0)	(125, 93.0)	(130, 54.0)	(135, 58.0)	(140, 160.0)	(145, 399.0)	(150, 1553.0)	(155, 12696.0)	(160, 2816.0)	(165, 410.0)	(170, 13.0)	(175, 1.0)	(180, 1.0)	(185, 3.0)	(190, 1.0)	(195, 4.0)	(200, 0.0)	(205, 1.0)	(210, 1.0)	(215, 2.0)	(220, 1.0)	(225, 12.0)	(230, 42.0)	(235, 72.0)	(240, 16.0)	(245, 4.0)	(250, 0.0)	(255, 0.0)	(260, 2.0)	(265, 0.0)	(270, 2.0)	(275, 2.0)	(280, 2.0)	(285, 0.0)	(290, 6484.0)
Yell_July18_Site1ee_S142_L001_R1	(40, 288.0)	(45, 66660.0)	(50, 4315.0)	(55, 3331.0)	(60, 90.0)	(65, 607.0)	(70, 129.0)	(75, 184.0)	(80, 33.0)	(85, 498.0)	(90, 56776.0)	(95, 14505.0)	(100, 90.0)	(105, 43.0)	(110, 102.0)	(115, 228.0)	(120, 178.0)	(125, 41.0)	(130, 42.0)	(135, 16.0)	(140, 20.0)	(145, 19.0)	(150, 25.0)	(155, 30.0)	(160, 20.0)	(165, 29.0)	(170, 76.0)	(175, 44.0)	(180, 58.0)	(185, 56.0)	(190, 60.0)	(195, 46.0)	(200, 58.0)	(205, 71.0)	(210, 74.0)	(215, 70.0)	(220, 101.0)	(225, 66.0)	(230, 72.0)	(235, 26.0)	(240, 24.0)	(245, 14.0)	(250, 14.0)	(255, 22.0)	(260, 33.0)	(265, 21.0)	(270, 60.0)	(275, 117.0)	(280, 103.0)	(285, 6.0)	(290, 67647.0)
Yell_July18_Site1ee_S142_L001_R2	(30, 6.0)	(40, 66951.0)	(50, 7645.0)	(60, 296.0)	(70, 267.0)	(80, 38.0)	(90, 65606.0)	(100, 350.0)	(110, 58.0)	(120, 120.0)	(130, 88.0)	(140, 37.0)	(150, 7416.0)	(160, 32.0)	(170, 72.0)	(180, 68.0)	(190, 40.0)	(200, 29.0)	(210, 99.0)	(220, 39.0)	(230, 44.0)	(240, 26.0)	(250, 17.0)	(260, 63.0)	(270, 172.0)	(280, 68.0)	(290, 67591.0)																								
Yell_July18_Site1f_S92_L001_R1	(40, 1.0)	(45, 694.0)	(50, 2.0)	(55, 2.0)	(60, 1.0)	(65, 1.0)	(70, 1.0)	(75, 3.0)	(80, 7.0)	(85, 2.0)	(90, 2.0)	(95, 9.0)	(100, 5.0)	(105, 86.0)	(110, 24.0)	(115, 68.0)	(120, 2302.0)	(125, 2966.0)	(130, 1222.0)	(135, 1230.0)	(140, 2520.0)	(145, 10449.0)	(150, 30405.0)	(155, 183758.0)	(160, 47852.0)	(165, 6326.0)	(170, 294.0)	(175, 23.0)	(180, 36.0)	(185, 69.0)	(190, 15.0)	(195, 22.0)	(200, 18.0)	(205, 22.0)	(210, 19.0)	(215, 41.0)	(220, 325.0)	(225, 689.0)	(230, 1334.0)	(235, 191.0)	(240, 17.0)	(245, 2.0)	(250, 5.0)	(255, 1.0)	(260, 1.0)	(265, 3.0)	(270, 2.0)	(275, 9.0)	(280, 7.0)	(285, 0.0)	(290, 1948.0)
Yell_July18_Site1f_S92_L001_R2	(10, 1.0)	(20, 0.0)	(30, 0.0)	(40, 697.0)	(50, 5.0)	(60, 2.0)	(70, 5.0)	(80, 9.0)	(90, 11.0)	(100, 92.0)	(110, 92.0)	(120, 5269.0)	(130, 2452.0)	(140, 12970.0)	(150, 214163.0)	(160, 54179.0)	(170, 317.0)	(180, 102.0)	(190, 21.0)	(200, 19.0)	(210, 34.0)	(220, 238.0)	(230, 1869.0)	(240, 217.0)	(250, 18.0)	(260, 21.0)	(270, 38.0)	(280, 12.0)	(290, 2178.0)																						
Yell_July18_Site1g_S93_L001_R1	(40, 83.0)	(45, 31923.0)	(50, 4.0)	(55, 5.0)	(60, 0.0)	(65, 1.0)	(70, 0.0)	(75, 6.0)	(80, 5.0)	(85, 0.0)	(90, 17.0)	(95, 8.0)	(100, 6.0)	(105, 56.0)	(110, 44.0)	(115, 125.0)	(120, 786.0)	(125, 1071.0)	(130, 633.0)	(135, 557.0)	(140, 1336.0)	(145, 1553.0)	(150, 3356.0)	(155, 87920.0)	(160, 29639.0)	(165, 2220.0)	(170, 54.0)	(175, 25.0)	(180, 30.0)	(185, 29.0)	(190, 25.0)	(195, 18.0)	(200, 10.0)	(205, 17.0)	(210, 12.0)	(215, 15.0)	(220, 91.0)	(225, 407.0)	(230, 681.0)	(235, 95.0)	(240, 4.0)	(245, 0.0)	(250, 1.0)	(255, 1.0)	(260, 2.0)	(265, 1.0)	(270, 3.0)	(275, 3.0)	(280, 3.0)	(285, 0.0)	(290, 43451.0)
Yell_July18_Site1g_S93_L001_R2	(10, 1.0)	(20, 0.0)	(30, 0.0)	(40, 32007.0)	(50, 9.0)	(60, 1.0)	(70, 8.0)	(80, 8.0)	(90, 25.0)	(100, 49.0)	(110, 48.0)	(120, 1888.0)	(130, 1198.0)	(140, 2898.0)	(150, 91285.0)	(160, 31861.0)	(170, 81.0)	(180, 64.0)	(190, 35.0)	(200, 23.0)	(210, 26.0)	(220, 51.0)	(230, 1028.0)	(240, 94.0)	(250, 7.0)	(260, 11.0)	(270, 31.0)	(280, 9.0)	(290, 43586.0)																						
Yell_July18_Site1h_S94_L001_R1	(40, 4.0)	(45, 3377.0)	(50, 12.0)	(55, 117.0)	(60, 3.0)	(65, 1.0)	(70, 0.0)	(75, 2.0)	(80, 6.0)	(85, 3.0)	(90, 4.0)	(95, 0.0)	(100, 1.0)	(105, 16.0)	(110, 9.0)	(115, 25.0)	(120, 998.0)	(125, 1759.0)	(130, 303.0)	(135, 197.0)	(140, 442.0)	(145, 1165.0)	(150, 3599.0)	(155, 38906.0)	(160, 9033.0)	(165, 1409.0)	(170, 16.0)	(175, 4.0)	(180, 14.0)	(185, 8.0)	(190, 12.0)	(195, 10.0)	(200, 10.0)	(205, 4.0)	(210, 4.0)	(215, 7.0)	(220, 68.0)	(225, 148.0)	(230, 271.0)	(235, 50.0)	(240, 3.0)	(245, 0.0)	(250, 0.0)	(255, 0.0)	(260, 0.0)	(265, 2.0)	(270, 0.0)	(275, 0.0)	(280, 0.0)	(285, 0.0)	(290, 11058.0)
Yell_July18_Site1h_S94_L001_R2	(40, 4.0)	(45, 3377.0)	(50, 13.0)	(55, 117.0)	(60, 3.0)	(65, 0.0)	(70, 0.0)	(75, 2.0)	(80, 6.0)	(85, 3.0)	(90, 3.0)	(95, 1.0)	(100, 0.0)	(105, 16.0)	(110, 7.0)	(115, 19.0)	(120, 995.0)	(125, 1759.0)	(130, 304.0)	(135, 200.0)	(140, 443.0)	(145, 1165.0)	(150, 3599.0)	(155, 38906.0)	(160, 9032.0)	(165, 1409.0)	(170, 17.0)	(175, 4.0)	(180, 14.0)	(185, 8.0)	(190, 9.0)	(195, 4.0)	(200, 9.0)	(205, 6.0)	(210, 1.0)	(215, 3.0)	(220, 9.0)	(225, 36.0)	(230, 181.0)	(235, 249.0)	(240, 44.0)	(245, 1.0)	(250, 3.0)	(255, 0.0)	(260, 0.0)	(265, 1.0)	(270, 5.0)	(275, 5.0)	(280, 3.0)	(285, 0.0)	(290, 11085.0)
Yell_July18_Site1k_S100_L001_R1	(40, 1.0)	(45, 1699.0)	(50, 1.0)	(55, 6.0)	(60, 0.0)	(65, 3.0)	(70, 0.0)	(75, 0.0)	(80, 2.0)	(85, 1.0)	(90, 4.0)	(95, 1.0)	(100, 1.0)	(105, 2.0)	(110, 16.0)	(115, 16.0)	(120, 693.0)	(125, 1088.0)	(130, 85.0)	(135, 44.0)	(140, 249.0)	(145, 1619.0)	(150, 4900.0)	(155, 56144.0)	(160, 2589.0)	(165, 474.0)	(170, 13.0)	(175, 4.0)	(180, 5.0)	(185, 20.0)	(190, 7.0)	(195, 2.0)	(200, 5.0)	(205, 0.0)	(210, 5.0)	(215, 9.0)	(220, 64.0)	(225, 169.0)	(230, 289.0)	(235, 17.0)	(240, 3.0)	(245, 3.0)	(250, 0.0)	(255, 0.0)	(260, 1.0)	(265, 2.0)	(270, 1.0)	(275, 3.0)	(280, 3.0)	(285, 1.0)	(290, 45368.0)
Yell_July18_Site1k_S100_L001_R2	(40, 1.0)	(45, 1699.0)	(50, 1.0)	(55, 7.0)	(60, 1.0)	(65, 1.0)	(70, 0.0)	(75, 1.0)	(80, 2.0)	(85, 1.0)	(90, 3.0)	(95, 6.0)	(100, 1.0)	(105, 3.0)	(110, 15.0)	(115, 5.0)	(120, 693.0)	(125, 1088.0)	(130, 85.0)	(135, 44.0)	(140, 250.0)	(145, 1620.0)	(150, 4900.0)	(155, 56145.0)	(160, 2589.0)	(165, 475.0)	(170, 13.0)	(175, 5.0)	(180, 5.0)	(185, 20.0)	(190, 4.0)	(195, 2.0)	(200, 9.0)	(205, 1.0)	(210, 1.0)	(215, 4.0)	(220, 5.0)	(225, 31.0)	(230, 208.0)	(235, 224.0)	(240, 24.0)	(245, 3.0)	(250, 2.0)	(255, 1.0)	(260, 7.0)	(265, 1.0)	(270, 8.0)	(275, 6.0)	(280, 4.0)	(285, 1.0)	(290, 45407.0)
Yell_July18_Site1m_S102_L001_R1	(45, 235.0)	(50, 5.0)	(55, 76.0)	(60, 12.0)	(65, 15.0)	(70, 8.0)	(75, 2.0)	(80, 11.0)	(85, 63.0)	(90, 157.0)	(95, 120.0)	(100, 10.0)	(105, 18.0)	(110, 15.0)	(115, 59.0)	(120, 1746.0)	(125, 4208.0)	(130, 545.0)	(135, 222.0)	(140, 1554.0)	(145, 3573.0)	(150, 10711.0)	(155, 78803.0)	(160, 7425.0)	(165, 1289.0)	(170, 47.0)	(175, 25.0)	(180, 8.0)	(185, 28.0)	(190, 15.0)	(195, 16.0)	(200, 34.0)	(205, 17.0)	(210, 11.0)	(215, 13.0)	(220, 126.0)	(225, 323.0)	(230, 490.0)	(235, 41.0)	(240, 6.0)	(245, 3.0)	(250, 1.0)	(255, 1.0)	(260, 3.0)	(265, 3.0)	(270, 7.0)	(275, 4.0)	(280, 2.0)	(285, 0.0)	(290, 54991.0)	
Yell_July18_Site1m_S102_L001_R2	(20, 1.0)	(30, 0.0)	(40, 235.0)	(50, 81.0)	(60, 22.0)	(70, 6.0)	(80, 74.0)	(90, 268.0)	(100, 31.0)	(110, 75.0)	(120, 5953.0)	(130, 768.0)	(140, 5126.0)	(150, 89520.0)	(160, 8714.0)	(170, 72.0)	(180, 36.0)	(190, 17.0)	(200, 54.0)	(210, 13.0)	(220, 100.0)	(230, 773.0)	(240, 50.0)	(250, 6.0)	(260, 10.0)	(270, 28.0)	(280, 5.0)	(290, 55059.0)																							
Yell_July18_Site1n_S103_L001_R1	(45, 2186.0)	(50, 19.0)	(55, 418.0)	(60, 5.0)	(65, 21.0)	(70, 7.0)	(75, 2.0)	(80, 1.0)	(85, 2.0)	(90, 108.0)	(95, 76.0)	(100, 4.0)	(105, 16.0)	(110, 21.0)	(115, 28.0)	(120, 1198.0)	(125, 2479.0)	(130, 303.0)	(135, 288.0)	(140, 2062.0)	(145, 6931.0)	(150, 28945.0)	(155, 108518.0)	(160, 20823.0)	(165, 2804.0)	(170, 75.0)	(175, 19.0)	(180, 21.0)	(185, 56.0)	(190, 43.0)	(195, 15.0)	(200, 20.0)	(205, 7.0)	(210, 32.0)	(215, 33.0)	(220, 280.0)	(225, 401.0)	(230, 808.0)	(235, 128.0)	(240, 7.0)	(245, 4.0)	(250, 3.0)	(255, 0.0)	(260, 5.0)	(265, 1.0)	(270, 1.0)	(275, 9.0)	(280, 8.0)	(285, 1.0)	(290, 60980.0)	
Yell_July18_Site1n_S103_L001_R2	(30, 2.0)	(40, 2187.0)	(50, 437.0)	(60, 7.0)	(70, 7.0)	(80, 2.0)	(90, 187.0)	(100, 12.0)	(110, 49.0)	(120, 3673.0)	(130, 593.0)	(140, 8994.0)	(150, 137463.0)	(160, 23630.0)	(170, 94.0)	(180, 78.0)	(190, 47.0)	(200, 27.0)	(210, 25.0)	(220, 246.0)	(230, 1178.0)	(240, 103.0)	(250, 9.0)	(260, 10.0)	(270, 42.0)	(280, 17.0)	(290, 61103.0)																								
Yell_July18_Site1o_S104_L001_R1	(40, 5.0)	(45, 1412.0)	(50, 11.0)	(55, 54.0)	(60, 110.0)	(65, 3.0)	(70, 4.0)	(75, 1.0)	(80, 5.0)	(85, 8.0)	(90, 91.0)	(95, 33.0)	(100, 4.0)	(105, 16.0)	(110, 8.0)	(115, 41.0)	(120, 1823.0)	(125, 2699.0)	(130, 607.0)	(135, 364.0)	(140, 1606.0)	(145, 7459.0)	(150, 19381.0)	(155, 90052.0)	(160, 15085.0)	(165, 3403.0)	(170, 83.0)	(175, 23.0)	(180, 41.0)	(185, 47.0)	(190, 29.0)	(195, 10.0)	(200, 18.0)	(205, 13.0)	(210, 14.0)	(215, 26.0)	(220, 276.0)	(225, 399.0)	(230, 700.0)	(235, 80.0)	(240, 7.0)	(245, 1.0)	(250, 0.0)	(255, 1.0)	(260, 4.0)	(265, 2.0)	(270, 9.0)	(275, 10.0)	(280, 2.0)	(285, 1.0)	(290, 61287.0)
Yell_July18_Site1o_S104_L001_R2	(40, 5.0)	(45, 1412.0)	(50, 11.0)	(55, 55.0)	(60, 110.0)	(65, 0.0)	(70, 3.0)	(75, 1.0)	(80, 5.0)	(85, 9.0)	(90, 5.0)	(95, 115.0)	(100, 4.0)	(105, 15.0)	(110, 10.0)	(115, 39.0)	(120, 1818.0)	(125, 2698.0)	(130, 605.0)	(135, 365.0)	(140, 1606.0)	(145, 7459.0)	(150, 19383.0)	(155, 90058.0)	(160, 15085.0)	(165, 3404.0)	(170, 84.0)	(175, 24.0)	(180, 43.0)	(185, 44.0)	(190, 24.0)	(195, 12.0)	(200, 15.0)	(205, 8.0)	(210, 4.0)	(215, 14.0)	(220, 30.0)	(225, 164.0)	(230, 473.0)	(235, 593.0)	(240, 107.0)	(245, 6.0)	(250, 2.0)	(255, 5.0)	(260, 6.0)	(265, 8.0)	(270, 23.0)	(275, 26.0)	(280, 4.0)	(285, 1.0)	(290, 61368.0)
Yell_July18_Site1p_S105_L001_R1	(40, 308.0)	(45, 222530.0)	(50, 35095.0)	(55, 288.0)	(60, 17.0)	(65, 64.0)	(70, 25.0)	(75, 2.0)	(80, 21.0)	(85, 8.0)	(90, 19.0)	(95, 22.0)	(100, 30.0)	(105, 113.0)	(110, 173.0)	(115, 846.0)	(120, 7782.0)	(125, 7431.0)	(130, 1640.0)	(135, 1242.0)	(140, 4909.0)	(145, 10536.0)	(150, 30007.0)	(155, 358270.0)	(160, 113352.0)	(165, 8448.0)	(170, 306.0)	(175, 61.0)	(180, 140.0)	(185, 193.0)	(190, 116.0)	(195, 51.0)	(200, 105.0)	(205, 79.0)	(210, 88.0)	(215, 162.0)	(220, 452.0)	(225, 944.0)	(230, 4495.0)	(235, 520.0)	(240, 53.0)	(245, 7.0)	(250, 3.0)	(255, 11.0)	(260, 8.0)	(265, 9.0)	(270, 13.0)	(275, 24.0)	(280, 29.0)	(285, 2.0)	(290, 250123.0)
Yell_July18_Site1p_S105_L001_R2	(10, 1.0)	(20, 5.0)	(30, 3.0)	(40, 222840.0)	(50, 35388.0)	(60, 36.0)	(70, 35.0)	(80, 44.0)	(90, 62.0)	(100, 90.0)	(110, 248.0)	(120, 14996.0)	(130, 3000.0)	(140, 15506.0)	(150, 388320.0)	(160, 121848.0)	(170, 396.0)	(180, 346.0)	(190, 159.0)	(200, 114.0)	(210, 86.0)	(220, 429.0)	(230, 5505.0)	(240, 401.0)	(250, 37.0)	(260, 87.0)	(270, 233.0)	(280, 60.0)	(290, 250897.0)																						
Yell_July18_Site1q_S106_L001_R1	(40, 332.0)	(45, 697.0)	(50, 260.0)	(55, 341.0)	(60, 328.0)	(65, 302.0)	(70, 211.0)	(75, 422.0)	(80, 226.0)	(85, 200.0)	(90, 267.0)	(95, 206.0)	(100, 158.0)	(105, 93.0)	(110, 130.0)	(115, 116.0)	(120, 1079.0)	(125, 1443.0)	(130, 411.0)	(135, 474.0)	(140, 1280.0)	(145, 2548.0)	(150, 8985.0)	(155, 109795.0)	(160, 12230.0)	(165, 1565.0)	(170, 106.0)	(175, 59.0)	(180, 97.0)	(185, 62.0)	(190, 51.0)	(195, 25.0)	(200, 25.0)	(205, 35.0)	(210, 34.0)	(215, 47.0)	(220, 200.0)	(225, 391.0)	(230, 1090.0)	(235, 66.0)	(240, 18.0)	(245, 7.0)	(250, 11.0)	(255, 9.0)	(260, 7.0)	(265, 3.0)	(270, 10.0)	(275, 14.0)	(280, 13.0)	(285, 2.0)	(290, 5149.0)
Yell_July18_Site1q_S106_L001_R2	(40, 332.0)	(45, 697.0)	(50, 260.0)	(55, 341.0)	(60, 328.0)	(65, 285.0)	(70, 207.0)	(75, 425.0)	(80, 226.0)	(85, 199.0)	(90, 178.0)	(95, 280.0)	(100, 164.0)	(105, 92.0)	(110, 132.0)	(115, 114.0)	(120, 1081.0)	(125, 1442.0)	(130, 413.0)	(135, 471.0)	(140, 1280.0)	(145, 2548.0)	(150, 8984.0)	(155, 109808.0)	(160, 12228.0)	(165, 1567.0)	(170, 107.0)	(175, 59.0)	(180, 97.0)	(185, 59.0)	(190, 52.0)	(195, 25.0)	(200, 22.0)	(205, 32.0)	(210, 24.0)	(215, 34.0)	(220, 30.0)	(225, 101.0)	(230, 604.0)	(235, 821.0)	(240, 108.0)	(245, 10.0)	(250, 13.0)	(255, 9.0)	(260, 8.0)	(265, 9.0)	(270, 17.0)	(275, 19.0)	(280, 17.0)	(285, 2.0)	(290, 5269.0)
Yell_July18_Site1r_S111_L001_R1	(40, 1.0)	(45, 1.0)	(50, 0.0)	(55, 1.0)	(60, 0.0)	(65, 0.0)	(70, 0.0)	(75, 3.0)	(80, 2.0)	(85, 0.0)	(90, 0.0)	(95, 1.0)	(100, 21.0)	(105, 6.0)	(110, 14.0)	(115, 6.0)	(120, 971.0)	(125, 2938.0)	(130, 234.0)	(135, 143.0)	(140, 352.0)	(145, 3084.0)	(150, 9237.0)	(155, 92403.0)	(160, 5182.0)	(165, 954.0)	(170, 31.0)	(175, 18.0)	(180, 6.0)	(185, 55.0)	(190, 4.0)	(195, 12.0)	(200, 10.0)	(205, 6.0)	(210, 7.0)	(215, 12.0)	(220, 129.0)	(225, 293.0)	(230, 526.0)	(235, 27.0)	(240, 0.0)	(245, 1.0)	(250, 1.0)	(255, 2.0)	(260, 8.0)	(265, 0.0)	(270, 2.0)	(275, 5.0)	(280, 4.0)	(285, 2.0)	(290, 50652.0)
Yell_July18_Site1r_S111_L001_R2	(20, 1.0)	(30, 1.0)	(40, 3.0)	(50, 1.0)	(60, 1.0)	(70, 3.0)	(80, 2.0)	(90, 1.0)	(100, 23.0)	(110, 25.0)	(120, 3910.0)	(130, 377.0)	(140, 3436.0)	(150, 101640.0)	(160, 6137.0)	(170, 49.0)	(180, 61.0)	(190, 8.0)	(200, 13.0)	(210, 16.0)	(220, 76.0)	(230, 741.0)	(240, 57.0)	(250, 0.0)	(260, 18.0)	(270, 35.0)	(280, 6.0)	(290, 50726.0)																							
Yell_July18_Site1s_S112_L001_R1	(45, 54.0)	(50, 3.0)	(55, 4.0)	(60, 0.0)	(65, 1.0)	(70, 3.0)	(75, 6.0)	(80, 7.0)	(85, 1.0)	(90, 6.0)	(95, 6.0)	(100, 9.0)	(105, 13.0)	(110, 11.0)	(115, 22.0)	(120, 3036.0)	(125, 4958.0)	(130, 623.0)	(135, 414.0)	(140, 690.0)	(145, 5345.0)	(150, 19781.0)	(155, 82941.0)	(160, 9991.0)	(165, 1684.0)	(170, 28.0)	(175, 13.0)	(180, 6.0)	(185, 73.0)	(190, 12.0)	(195, 28.0)	(200, 19.0)	(205, 9.0)	(210, 11.0)	(215, 19.0)	(220, 225.0)	(225, 346.0)	(230, 659.0)	(235, 62.0)	(240, 3.0)	(245, 0.0)	(250, 2.0)	(255, 4.0)	(260, 4.0)	(265, 2.0)	(270, 5.0)	(275, 6.0)	(280, 3.0)	(285, 0.0)	(290, 69039.0)	
Yell_July18_Site1s_S112_L001_R2	(45, 54.0)	(50, 4.0)	(55, 4.0)	(60, 0.0)	(65, 0.0)	(70, 3.0)	(75, 6.0)	(80, 5.0)	(85, 3.0)	(90, 3.0)	(95, 10.0)	(100, 6.0)	(105, 16.0)	(110, 11.0)	(115, 22.0)	(120, 3036.0)	(125, 4958.0)	(130, 624.0)	(135, 414.0)	(140, 690.0)	(145, 5345.0)	(150, 19781.0)	(155, 82941.0)	(160, 9991.0)	(165, 1684.0)	(170, 28.0)	(175, 13.0)	(180, 6.0)	(185, 73.0)	(190, 8.0)	(195, 8.0)	(200, 20.0)	(205, 14.0)	(210, 11.0)	(215, 5.0)	(220, 24.0)	(225, 141.0)	(230, 401.0)	(235, 558.0)	(240, 67.0)	(245, 6.0)	(250, 6.0)	(255, 4.0)	(260, 6.0)	(265, 11.0)	(270, 12.0)	(275, 4.0)	(280, 7.0)	(285, 0.0)	(290, 69143.0)	
Yell_July18_Site1t_S113_L001_R1	(40, 3.0)	(45, 12.0)	(50, 11.0)	(55, 9.0)	(60, 2.0)	(65, 4.0)	(70, 2.0)	(75, 1.0)	(80, 2.0)	(85, 2.0)	(90, 2.0)	(95, 7.0)	(100, 8.0)	(105, 47.0)	(110, 20.0)	(115, 50.0)	(120, 1307.0)	(125, 1119.0)	(130, 604.0)	(135, 636.0)	(140, 1964.0)	(145, 2585.0)	(150, 10458.0)	(155, 93130.0)	(160, 20672.0)	(165, 2250.0)	(170, 93.0)	(175, 18.0)	(180, 40.0)	(185, 153.0)	(190, 10.0)	(195, 8.0)	(200, 13.0)	(205, 10.0)	(210, 27.0)	(215, 22.0)	(220, 95.0)	(225, 204.0)	(230, 853.0)	(235, 152.0)	(240, 20.0)	(245, 3.0)	(250, 1.0)	(255, 5.0)	(260, 5.0)	(265, 5.0)	(270, 2.0)	(275, 8.0)	(280, 10.0)	(285, 0.0)	(290, 61973.0)
Yell_July18_Site1t_S113_L001_R2	(10, 1.0)	(20, 2.0)	(30, 2.0)	(40, 15.0)	(50, 19.0)	(60, 6.0)	(70, 2.0)	(80, 4.0)	(90, 9.0)	(100, 26.0)	(110, 104.0)	(120, 2426.0)	(130, 1242.0)	(140, 4550.0)	(150, 103588.0)	(160, 22923.0)	(170, 111.0)	(180, 193.0)	(190, 13.0)	(200, 14.0)	(210, 21.0)	(220, 88.0)	(230, 1045.0)	(240, 121.0)	(250, 4.0)	(260, 18.0)	(270, 19.0)	(280, 22.0)	(290, 62049.0)																						
Yell_July18_Site1v_S117_L001_R1	(40, 16.0)	(45, 7668.0)	(50, 332.0)	(55, 9608.0)	(60, 67.0)	(65, 572.0)	(70, 5.0)	(75, 1.0)	(80, 3.0)	(85, 3.0)	(90, 39.0)	(95, 4.0)	(100, 1.0)	(105, 11.0)	(110, 20.0)	(115, 59.0)	(120, 1257.0)	(125, 3986.0)	(130, 243.0)	(135, 135.0)	(140, 726.0)	(145, 5030.0)	(150, 13318.0)	(155, 94896.0)	(160, 6979.0)	(165, 1636.0)	(170, 35.0)	(175, 11.0)	(180, 6.0)	(185, 57.0)	(190, 15.0)	(195, 15.0)	(200, 14.0)	(205, 8.0)	(210, 7.0)	(215, 20.0)	(220, 195.0)	(225, 270.0)	(230, 549.0)	(235, 27.0)	(240, 5.0)	(245, 0.0)	(250, 4.0)	(255, 3.0)	(260, 6.0)	(265, 1.0)	(270, 4.0)	(275, 3.0)	(280, 9.0)	(285, 2.0)	(290, 38473.0)
Yell_July18_Site1v_S117_L001_R2	(20, 1.0)	(30, 1.0)	(40, 7685.0)	(50, 9942.0)	(60, 7.0)	(70, 5.0)	(80, 5.0)	(90, 46.0)	(100, 12.0)	(110, 28.0)	(120, 5207.0)	(130, 401.0)	(140, 5759.0)	(150, 108223.0)	(160, 8620.0)	(170, 51.0)	(180, 66.0)	(190, 18.0)	(200, 25.0)	(210, 8.0)	(220, 136.0)	(230, 754.0)	(240, 71.0)	(250, 12.0)	(260, 40.0)	(270, 143.0)	(280, 49.0)	(290, 39039.0)																							
Yell_July18_Site1w_S118_L001_R1	(45, 8.0)	(50, 1.0)	(55, 2.0)	(60, 2.0)	(65, 0.0)	(70, 2.0)	(75, 0.0)	(80, 3.0)	(85, 3.0)	(90, 2.0)	(95, 22.0)	(100, 8.0)	(105, 32.0)	(110, 12.0)	(115, 36.0)	(120, 4120.0)	(125, 4973.0)	(130, 691.0)	(135, 333.0)	(140, 772.0)	(145, 6380.0)	(150, 23639.0)	(155, 100428.0)	(160, 11618.0)	(165, 3822.0)	(170, 36.0)	(175, 17.0)	(180, 16.0)	(185, 75.0)	(190, 17.0)	(195, 23.0)	(200, 60.0)	(205, 26.0)	(210, 20.0)	(215, 44.0)	(220, 216.0)	(225, 350.0)	(230, 918.0)	(235, 150.0)	(240, 11.0)	(245, 0.0)	(250, 3.0)	(255, 3.0)	(260, 2.0)	(265, 2.0)	(270, 4.0)	(275, 4.0)	(280, 5.0)	(285, 0.0)	(290, 40101.0)	
Yell_July18_Site1w_S118_L001_R2	(45, 10.0)	(50, 3.0)	(55, 2.0)	(60, 2.0)	(65, 0.0)	(70, 2.0)	(75, 0.0)	(80, 3.0)	(85, 4.0)	(90, 3.0)	(95, 7.0)	(100, 34.0)	(105, 32.0)	(110, 13.0)	(115, 36.0)	(120, 4120.0)	(125, 4973.0)	(130, 689.0)	(135, 332.0)	(140, 770.0)	(145, 6380.0)	(150, 23638.0)	(155, 100425.0)	(160, 11619.0)	(165, 3822.0)	(170, 36.0)	(175, 19.0)	(180, 15.0)	(185, 75.0)	(190, 9.0)	(195, 4.0)	(200, 38.0)	(205, 15.0)	(210, 3.0)	(215, 12.0)	(220, 18.0)	(225, 203.0)	(230, 544.0)	(235, 737.0)	(240, 103.0)	(245, 6.0)	(250, 4.0)	(255, 6.0)	(260, 13.0)	(265, 5.0)	(270, 15.0)	(275, 14.0)	(280, 5.0)	(285, 0.0)	(290, 40194.0)	
Yell_July18_Site1y_S120_L001_R1	(40, 3.0)	(45, 33.0)	(50, 3.0)	(55, 2.0)	(60, 0.0)	(65, 2.0)	(70, 2.0)	(75, 2.0)	(80, 3.0)	(85, 1.0)	(90, 3.0)	(95, 3.0)	(100, 4.0)	(105, 15.0)	(110, 4.0)	(115, 20.0)	(120, 1429.0)	(125, 1191.0)	(130, 529.0)	(135, 278.0)	(140, 664.0)	(145, 2192.0)	(150, 6814.0)	(155, 74956.0)	(160, 11830.0)	(165, 5363.0)	(170, 47.0)	(175, 17.0)	(180, 12.0)	(185, 105.0)	(190, 10.0)	(195, 11.0)	(200, 6.0)	(205, 7.0)	(210, 5.0)	(215, 8.0)	(220, 103.0)	(225, 243.0)	(230, 671.0)	(235, 72.0)	(240, 9.0)	(245, 1.0)	(250, 1.0)	(255, 1.0)	(260, 0.0)	(265, 1.0)	(270, 3.0)	(275, 1.0)	(280, 2.0)	(285, 1.0)	(290, 50217.0)
Yell_July18_Site1y_S120_L001_R2	(40, 4.0)	(45, 34.0)	(50, 3.0)	(55, 2.0)	(60, 0.0)	(65, 2.0)	(70, 1.0)	(75, 2.0)	(80, 4.0)	(85, 2.0)	(90, 2.0)	(95, 5.0)	(100, 3.0)	(105, 16.0)	(110, 4.0)	(115, 20.0)	(120, 1429.0)	(125, 1191.0)	(130, 529.0)	(135, 278.0)	(140, 664.0)	(145, 2192.0)	(150, 6814.0)	(155, 74956.0)	(160, 11830.0)	(165, 5362.0)	(170, 47.0)	(175, 18.0)	(180, 12.0)	(185, 103.0)	(190, 8.0)	(195, 8.0)	(200, 5.0)	(205, 3.0)	(210, 6.0)	(215, 7.0)	(220, 12.0)	(225, 51.0)	(230, 311.0)	(235, 502.0)	(240, 117.0)	(245, 7.0)	(250, 6.0)	(255, 2.0)	(260, 9.0)	(265, 2.0)	(270, 10.0)	(275, 9.0)	(280, 2.0)	(285, 1.0)	(290, 50293.0)
Yell_July18_Site1z_S129_L001_R1	(40, 2.0)	(45, 187.0)	(50, 2.0)	(55, 2.0)	(60, 0.0)	(65, 0.0)	(70, 2.0)	(75, 8.0)	(80, 1.0)	(85, 6.0)	(90, 0.0)	(95, 3.0)	(100, 12.0)	(105, 16.0)	(110, 12.0)	(115, 37.0)	(120, 2540.0)	(125, 1464.0)	(130, 732.0)	(135, 398.0)	(140, 1161.0)	(145, 3399.0)	(150, 12225.0)	(155, 70547.0)	(160, 14505.0)	(165, 14108.0)	(170, 53.0)	(175, 10.0)	(180, 16.0)	(185, 127.0)	(190, 15.0)	(195, 13.0)	(200, 11.0)	(205, 8.0)	(210, 17.0)	(215, 25.0)	(220, 107.0)	(225, 314.0)	(230, 504.0)	(235, 142.0)	(240, 6.0)	(245, 0.0)	(250, 1.0)	(255, 1.0)	(260, 3.0)	(265, 0.0)	(270, 0.0)	(275, 3.0)	(280, 2.0)	(285, 1.0)	(290, 23179.0)
Yell_July18_Site1z_S129_L001_R2	(40, 2.0)	(45, 187.0)	(50, 2.0)	(55, 4.0)	(60, 0.0)	(65, 0.0)	(70, 2.0)	(75, 8.0)	(80, 1.0)	(85, 6.0)	(90, 0.0)	(95, 3.0)	(100, 11.0)	(105, 17.0)	(110, 12.0)	(115, 37.0)	(120, 2540.0)	(125, 1464.0)	(130, 732.0)	(135, 398.0)	(140, 1161.0)	(145, 3399.0)	(150, 12225.0)	(155, 70547.0)	(160, 14505.0)	(165, 14108.0)	(170, 53.0)	(175, 11.0)	(180, 16.0)	(185, 128.0)	(190, 11.0)	(195, 9.0)	(200, 8.0)	(205, 9.0)	(210, 6.0)	(215, 12.0)	(220, 9.0)	(225, 65.0)	(230, 287.0)	(235, 423.0)	(240, 194.0)	(245, 5.0)	(250, 2.0)	(255, 1.0)	(260, 6.0)	(265, 3.0)	(270, 6.0)	(275, 7.0)	(280, 3.0)	(285, 1.0)	(290, 23281.0)
Yell_July18_Site5J_S107_L001_R1	(120, 1.0)	(125, 0.0)	(130, 0.0)	(135, 0.0)	(140, 0.0)	(145, 2.0)	(150, 3.0)	(155, 57.0)	(160, 2.0)	(165, 1.0)	(170, 0.0)	(175, 0.0)	(180, 0.0)	(185, 0.0)	(190, 0.0)	(195, 0.0)	(200, 0.0)	(205, 0.0)	(210, 0.0)	(215, 0.0)	(220, 0.0)	(225, 1.0)	(230, 0.0)	(235, 0.0)	(240, 0.0)	(245, 0.0)	(250, 0.0)	(255, 0.0)	(260, 0.0)	(265, 0.0)	(270, 0.0)	(275, 0.0)	(280, 0.0)	(285, 0.0)	(290, 3.0)																
Yell_July18_Site5J_S107_L001_R2	(120, 1.0)	(125, 0.0)	(130, 0.0)	(135, 0.0)	(140, 0.0)	(145, 2.0)	(150, 3.0)	(155, 57.0)	(160, 2.0)	(165, 1.0)	(170, 0.0)	(175, 0.0)	(180, 0.0)	(185, 0.0)	(190, 0.0)	(195, 0.0)	(200, 0.0)	(205, 0.0)	(210, 0.0)	(215, 0.0)	(220, 0.0)	(225, 0.0)	(230, 0.0)	(235, 1.0)	(240, 0.0)	(245, 0.0)	(250, 0.0)	(255, 0.0)	(260, 0.0)	(265, 0.0)	(270, 0.0)	(275, 0.0)	(280, 0.0)	(285, 0.0)	(290, 3.0)																
Yell_July18_Site5L_S109_L001_R1	(40, 3.0)	(45, 34.0)	(50, 5.0)	(55, 14.0)	(60, 6.0)	(65, 4.0)	(70, 21.0)	(75, 4.0)	(80, 7.0)	(85, 0.0)	(90, 1.0)	(95, 1.0)	(100, 6.0)	(105, 16.0)	(110, 18.0)	(115, 50.0)	(120, 510.0)	(125, 6932.0)	(130, 482.0)	(135, 193.0)	(140, 314.0)	(145, 8883.0)	(150, 6673.0)	(155, 95482.0)	(160, 4168.0)	(165, 625.0)	(170, 59.0)	(175, 24.0)	(180, 6.0)	(185, 19.0)	(190, 10.0)	(195, 17.0)	(200, 40.0)	(205, 10.0)	(210, 4.0)	(215, 20.0)	(220, 169.0)	(225, 245.0)	(230, 624.0)	(235, 24.0)	(240, 4.0)	(245, 1.0)	(250, 2.0)	(255, 0.0)	(260, 1.0)	(265, 3.0)	(270, 3.0)	(275, 1.0)	(280, 2.0)	(285, 0.0)	(290, 60699.0)
Yell_July18_Site5L_S109_L001_R2	(20, 1.0)	(30, 0.0)	(40, 37.0)	(50, 19.0)	(60, 10.0)	(70, 25.0)	(80, 8.0)	(90, 2.0)	(100, 23.0)	(110, 68.0)	(120, 7443.0)	(130, 675.0)	(140, 9197.0)	(150, 102156.0)	(160, 4794.0)	(170, 83.0)	(180, 26.0)	(190, 11.0)	(200, 46.0)	(210, 20.0)	(220, 109.0)	(230, 816.0)	(240, 39.0)	(250, 5.0)	(260, 7.0)	(270, 25.0)	(280, 9.0)	(290, 60785.0)																							
Yell_July18_Site5a_S87_L001_R1	(40, 10.0)	(45, 3120.0)	(50, 23.0)	(55, 36.0)	(60, 5.0)	(65, 269.0)	(70, 13.0)	(75, 9.0)	(80, 8.0)	(85, 9.0)	(90, 36.0)	(95, 17.0)	(100, 13.0)	(105, 30.0)	(110, 33.0)	(115, 58.0)	(120, 773.0)	(125, 1281.0)	(130, 374.0)	(135, 98.0)	(140, 143.0)	(145, 22974.0)	(150, 9377.0)	(155, 102699.0)	(160, 4220.0)	(165, 268.0)	(170, 33.0)	(175, 4.0)	(180, 8.0)	(185, 25.0)	(190, 12.0)	(195, 8.0)	(200, 5.0)	(205, 9.0)	(210, 10.0)	(215, 13.0)	(220, 291.0)	(225, 241.0)	(230, 481.0)	(235, 18.0)	(240, 4.0)	(245, 1.0)	(250, 0.0)	(255, 2.0)	(260, 1.0)	(265, 1.0)	(270, 0.0)	(275, 6.0)	(280, 5.0)	(285, 0.0)	(290, 12479.0)
Yell_July18_Site5a_S87_L001_R2	(20, 2.0)	(30, 0.0)	(40, 3131.0)	(50, 61.0)	(60, 271.0)	(70, 22.0)	(80, 11.0)	(90, 53.0)	(100, 45.0)	(110, 81.0)	(120, 2057.0)	(130, 472.0)	(140, 23117.0)	(150, 112080.0)	(160, 4489.0)	(170, 37.0)	(180, 33.0)	(190, 16.0)	(200, 12.0)	(210, 8.0)	(220, 230.0)	(230, 659.0)	(240, 49.0)	(250, 6.0)	(260, 7.0)	(270, 21.0)	(280, 7.0)	(290, 12576.0)																							
Yell_July18_Site5aa_S132_L001_R1	(40, 1.0)	(45, 199.0)	(50, 5.0)	(55, 1.0)	(60, 3.0)	(65, 0.0)	(70, 1.0)	(75, 0.0)	(80, 2.0)	(85, 6.0)	(90, 10.0)	(95, 3.0)	(100, 3.0)	(105, 95.0)	(110, 150.0)	(115, 256.0)	(120, 1471.0)	(125, 4119.0)	(130, 3574.0)	(135, 3054.0)	(140, 1350.0)	(145, 4892.0)	(150, 9872.0)	(155, 139394.0)	(160, 51129.0)	(165, 3627.0)	(170, 222.0)	(175, 90.0)	(180, 20.0)	(185, 42.0)	(190, 19.0)	(195, 14.0)	(200, 27.0)	(205, 31.0)	(210, 27.0)	(215, 49.0)	(220, 194.0)	(225, 547.0)	(230, 1212.0)	(235, 386.0)	(240, 53.0)	(245, 1.0)	(250, 5.0)	(255, 5.0)	(260, 4.0)	(265, 3.0)	(270, 5.0)	(275, 10.0)	(280, 4.0)	(285, 0.0)	(290, 84596.0)
Yell_July18_Site5aa_S132_L001_R2	(30, 2.0)	(40, 202.0)	(50, 6.0)	(60, 3.0)	(70, 2.0)	(80, 8.0)	(90, 14.0)	(100, 97.0)	(110, 408.0)	(120, 5589.0)	(130, 6629.0)	(140, 6244.0)	(150, 149266.0)	(160, 54757.0)	(170, 315.0)	(180, 62.0)	(190, 19.0)	(200, 42.0)	(210, 52.0)	(220, 124.0)	(230, 1763.0)	(240, 345.0)	(250, 17.0)	(260, 18.0)	(270, 54.0)	(280, 12.0)	(290, 84733.0)																								
Yell_July18_Site5b_S88_L001_R1	(40, 12.0)	(45, 11591.0)	(50, 212.0)	(55, 7730.0)	(60, 54.0)	(65, 85.0)	(70, 9.0)	(75, 2.0)	(80, 6.0)	(85, 10.0)	(90, 255.0)	(95, 86.0)	(100, 7.0)	(105, 29.0)	(110, 38.0)	(115, 105.0)	(120, 821.0)	(125, 1519.0)	(130, 429.0)	(135, 154.0)	(140, 210.0)	(145, 26367.0)	(150, 12093.0)	(155, 89598.0)	(160, 6744.0)	(165, 488.0)	(170, 53.0)	(175, 80.0)	(180, 10.0)	(185, 32.0)	(190, 11.0)	(195, 13.0)	(200, 8.0)	(205, 6.0)	(210, 19.0)	(215, 21.0)	(220, 415.0)	(225, 260.0)	(230, 604.0)	(235, 32.0)	(240, 5.0)	(245, 1.0)	(250, 2.0)	(255, 2.0)	(260, 2.0)	(265, 2.0)	(270, 4.0)	(275, 9.0)	(280, 14.0)	(285, 0.0)	(290, 40667.0)
Yell_July18_Site5b_S88_L001_R2	(40, 12.0)	(45, 11592.0)	(50, 212.0)	(55, 7731.0)	(60, 53.0)	(65, 13.0)	(70, 8.0)	(75, 4.0)	(80, 6.0)	(85, 6.0)	(90, 15.0)	(95, 282.0)	(100, 6.0)	(105, 25.0)	(110, 38.0)	(115, 49.0)	(120, 788.0)	(125, 1485.0)	(130, 431.0)	(135, 160.0)	(140, 212.0)	(145, 26377.0)	(150, 12099.0)	(155, 89646.0)	(160, 6748.0)	(165, 490.0)	(170, 55.0)	(175, 79.0)	(180, 16.0)	(185, 36.0)	(190, 31.0)	(195, 9.0)	(200, 16.0)	(205, 7.0)	(210, 8.0)	(215, 8.0)	(220, 22.0)	(225, 278.0)	(230, 391.0)	(235, 477.0)	(240, 39.0)	(245, 9.0)	(250, 4.0)	(255, 2.0)	(260, 9.0)	(265, 4.0)	(270, 19.0)	(275, 40.0)	(280, 16.0)	(285, 0.0)	(290, 40863.0)
Yell_July18_Site5bb_S133_L001_R1	(40, 8.0)	(45, 49.0)	(50, 9.0)	(55, 17.0)	(60, 11.0)	(65, 18.0)	(70, 2.0)	(75, 3.0)	(80, 7.0)	(85, 0.0)	(90, 11.0)	(95, 7.0)	(100, 5.0)	(105, 103.0)	(110, 147.0)	(115, 184.0)	(120, 1327.0)	(125, 4687.0)	(130, 2874.0)	(135, 1216.0)	(140, 1428.0)	(145, 3937.0)	(150, 10294.0)	(155, 144056.0)	(160, 63251.0)	(165, 2905.0)	(170, 200.0)	(175, 71.0)	(180, 44.0)	(185, 46.0)	(190, 27.0)	(195, 33.0)	(200, 49.0)	(205, 43.0)	(210, 29.0)	(215, 47.0)	(220, 290.0)	(225, 1028.0)	(230, 1949.0)	(235, 617.0)	(240, 25.0)	(245, 1.0)	(250, 3.0)	(255, 2.0)	(260, 2.0)	(265, 4.0)	(270, 4.0)	(275, 8.0)	(280, 13.0)	(285, 1.0)	(290, 137883.0)
Yell_July18_Site5bb_S133_L001_R2	(20, 1.0)	(30, 1.0)	(40, 58.0)	(50, 27.0)	(60, 29.0)	(70, 5.0)	(80, 8.0)	(90, 18.0)	(100, 109.0)	(110, 333.0)	(120, 6014.0)	(130, 4092.0)	(140, 5365.0)	(150, 154352.0)	(160, 66156.0)	(170, 271.0)	(180, 88.0)	(190, 36.0)	(200, 71.0)	(210, 50.0)	(220, 171.0)	(230, 3096.0)	(240, 470.0)	(250, 15.0)	(260, 18.0)	(270, 55.0)	(280, 12.0)	(290, 138054.0)																							
Yell_July18_Site5c_S89_L001_R1	(40, 1.0)	(45, 88.0)	(50, 8.0)	(55, 9.0)	(60, 3.0)	(65, 23.0)	(70, 3.0)	(75, 1.0)	(80, 2.0)	(85, 3.0)	(90, 7.0)	(95, 8.0)	(100, 4.0)	(105, 12.0)	(110, 17.0)	(115, 21.0)	(120, 739.0)	(125, 1067.0)	(130, 423.0)	(135, 104.0)	(140, 64.0)	(145, 3035.0)	(150, 3748.0)	(155, 30291.0)	(160, 1056.0)	(165, 323.0)	(170, 7.0)	(175, 6.0)	(180, 1.0)	(185, 6.0)	(190, 6.0)	(195, 6.0)	(200, 7.0)	(205, 5.0)	(210, 1.0)	(215, 1.0)	(220, 44.0)	(225, 68.0)	(230, 210.0)	(235, 10.0)	(240, 4.0)	(245, 0.0)	(250, 1.0)	(255, 1.0)	(260, 0.0)	(265, 0.0)	(270, 1.0)	(275, 2.0)	(280, 3.0)	(285, 0.0)	(290, 19959.0)
Yell_July18_Site5c_S89_L001_R2	(40, 1.0)	(45, 88.0)	(50, 8.0)	(55, 10.0)	(60, 4.0)	(65, 22.0)	(70, 1.0)	(75, 3.0)	(80, 3.0)	(85, 2.0)	(90, 1.0)	(95, 16.0)	(100, 3.0)	(105, 9.0)	(110, 21.0)	(115, 20.0)	(120, 740.0)	(125, 1067.0)	(130, 423.0)	(135, 104.0)	(140, 64.0)	(145, 3035.0)	(150, 3748.0)	(155, 30291.0)	(160, 1056.0)	(165, 323.0)	(170, 7.0)	(175, 6.0)	(180, 1.0)	(185, 6.0)	(190, 5.0)	(195, 5.0)	(200, 8.0)	(205, 2.0)	(210, 0.0)	(215, 0.0)	(220, 6.0)	(225, 30.0)	(230, 112.0)	(235, 145.0)	(240, 11.0)	(245, 0.0)	(250, 0.0)	(255, 0.0)	(260, 1.0)	(265, 2.0)	(270, 6.0)	(275, 5.0)	(280, 2.0)	(285, 0.0)	(290, 19986.0)
Yell_July18_Site5cc_S134_L001_R1	(40, 4.0)	(45, 13681.0)	(50, 375.0)	(55, 4.0)	(60, 3.0)	(65, 5.0)	(70, 2.0)	(75, 1.0)	(80, 23.0)	(85, 6.0)	(90, 5.0)	(95, 8.0)	(100, 13.0)	(105, 139.0)	(110, 193.0)	(115, 265.0)	(120, 1910.0)	(125, 6167.0)	(130, 3753.0)	(135, 1594.0)	(140, 1797.0)	(145, 5437.0)	(150, 13180.0)	(155, 177069.0)	(160, 76787.0)	(165, 3714.0)	(170, 257.0)	(175, 91.0)	(180, 52.0)	(185, 61.0)	(190, 30.0)	(195, 16.0)	(200, 57.0)	(205, 33.0)	(210, 28.0)	(215, 49.0)	(220, 171.0)	(225, 559.0)	(230, 1692.0)	(235, 788.0)	(240, 21.0)	(245, 2.0)	(250, 6.0)	(255, 2.0)	(260, 12.0)	(265, 7.0)	(270, 16.0)	(275, 16.0)	(280, 14.0)	(285, 2.0)	(290, 114635.0)
Yell_July18_Site5cc_S134_L001_R2	(30, 2.0)	(40, 13687.0)	(50, 379.0)	(60, 8.0)	(70, 3.0)	(80, 29.0)	(90, 16.0)	(100, 149.0)	(110, 438.0)	(120, 8047.0)	(130, 5356.0)	(140, 7241.0)	(150, 190253.0)	(160, 80502.0)	(170, 354.0)	(180, 113.0)	(190, 33.0)	(200, 64.0)	(210, 50.0)	(220, 126.0)	(230, 2424.0)	(240, 485.0)	(250, 15.0)	(260, 30.0)	(270, 57.0)	(280, 22.0)	(290, 114869.0)																								
Yell_July18_Site5e_S95_L001_R1	(40, 1.0)	(45, 137.0)	(50, 22.0)	(55, 19.0)	(60, 0.0)	(65, 0.0)	(70, 2.0)	(75, 0.0)	(80, 0.0)	(85, 5.0)	(90, 7.0)	(95, 12.0)	(100, 6.0)	(105, 84.0)	(110, 110.0)	(115, 173.0)	(120, 1659.0)	(125, 1901.0)	(130, 1295.0)	(135, 587.0)	(140, 1234.0)	(145, 13991.0)	(150, 20763.0)	(155, 142138.0)	(160, 147962.0)	(165, 2316.0)	(170, 197.0)	(175, 71.0)	(180, 24.0)	(185, 104.0)	(190, 38.0)	(195, 20.0)	(200, 14.0)	(205, 13.0)	(210, 16.0)	(215, 28.0)	(220, 354.0)	(225, 1108.0)	(230, 1387.0)	(235, 1001.0)	(240, 11.0)	(245, 1.0)	(250, 3.0)	(255, 2.0)	(260, 4.0)	(265, 4.0)	(270, 1.0)	(275, 4.0)	(280, 12.0)	(285, 0.0)	(290, 9269.0)
Yell_July18_Site5e_S95_L001_R2	(20, 1.0)	(30, 1.0)	(40, 139.0)	(50, 41.0)	(60, 1.0)	(70, 2.0)	(80, 7.0)	(90, 19.0)	(100, 86.0)	(110, 288.0)	(120, 3560.0)	(130, 1880.0)	(140, 15226.0)	(150, 162901.0)	(160, 150279.0)	(170, 269.0)	(180, 125.0)	(190, 46.0)	(200, 25.0)	(210, 21.0)	(220, 223.0)	(230, 2620.0)	(240, 702.0)	(250, 19.0)	(260, 24.0)	(270, 40.0)	(280, 11.0)	(290, 9554.0)																							
Yell_July18_Site5ee_S136_L001_R1	(45, 29.0)	(50, 3.0)	(55, 6.0)	(60, 1.0)	(65, 1.0)	(70, 4.0)	(75, 1.0)	(80, 1.0)	(85, 1.0)	(90, 6.0)	(95, 3.0)	(100, 2.0)	(105, 41.0)	(110, 51.0)	(115, 71.0)	(120, 2893.0)	(125, 8628.0)	(130, 1984.0)	(135, 847.0)	(140, 2683.0)	(145, 12251.0)	(150, 18537.0)	(155, 205582.0)	(160, 13296.0)	(165, 4435.0)	(170, 86.0)	(175, 19.0)	(180, 70.0)	(185, 423.0)	(190, 15.0)	(195, 26.0)	(200, 41.0)	(205, 14.0)	(210, 34.0)	(215, 43.0)	(220, 298.0)	(225, 708.0)	(230, 1290.0)	(235, 72.0)	(240, 11.0)	(245, 1.0)	(250, 1.0)	(255, 5.0)	(260, 1.0)	(265, 3.0)	(270, 3.0)	(275, 7.0)	(280, 4.0)	(285, 0.0)	(290, 45906.0)	
Yell_July18_Site5ee_S136_L001_R2	(20, 1.0)	(30, 0.0)	(40, 29.0)	(50, 9.0)	(60, 4.0)	(70, 5.0)	(80, 3.0)	(90, 11.0)	(100, 34.0)	(110, 133.0)	(120, 11521.0)	(130, 2831.0)	(140, 14935.0)	(150, 224119.0)	(160, 17731.0)	(170, 108.0)	(180, 492.0)	(190, 20.0)	(200, 46.0)	(210, 37.0)	(220, 215.0)	(230, 1791.0)	(240, 152.0)	(250, 10.0)	(260, 19.0)	(270, 34.0)	(280, 13.0)	(290, 46135.0)																							
Yell_July18_Site5f_S96_L001_R1	(45, 59.0)	(50, 11.0)	(55, 55.0)	(60, 2.0)	(65, 5.0)	(70, 4.0)	(75, 0.0)	(80, 0.0)	(85, 2.0)	(90, 10.0)	(95, 6.0)	(100, 0.0)	(105, 0.0)	(110, 2.0)	(115, 1.0)	(120, 24.0)	(125, 30.0)	(130, 13.0)	(135, 16.0)	(140, 14.0)	(145, 136.0)	(150, 213.0)	(155, 2547.0)	(160, 2339.0)	(165, 25.0)	(170, 3.0)	(175, 2.0)	(180, 0.0)	(185, 0.0)	(190, 0.0)	(195, 1.0)	(200, 0.0)	(205, 1.0)	(210, 0.0)	(215, 2.0)	(220, 8.0)	(225, 8.0)	(230, 44.0)	(235, 21.0)	(240, 3.0)	(245, 0.0)	(250, 0.0)	(255, 0.0)	(260, 0.0)	(265, 1.0)	(270, 0.0)	(275, 1.0)	(280, 0.0)	(285, 0.0)	(290, 2996.0)	
Yell_July18_Site5f_S96_L001_R2	(45, 59.0)	(50, 11.0)	(55, 55.0)	(60, 2.0)	(65, 4.0)	(70, 1.0)	(75, 0.0)	(80, 0.0)	(85, 1.0)	(90, 1.0)	(95, 15.0)	(100, 0.0)	(105, 0.0)	(110, 2.0)	(115, 1.0)	(120, 24.0)	(125, 30.0)	(130, 12.0)	(135, 18.0)	(140, 14.0)	(145, 136.0)	(150, 213.0)	(155, 2548.0)	(160, 2339.0)	(165, 25.0)	(170, 3.0)	(175, 2.0)	(180, 0.0)	(185, 0.0)	(190, 0.0)	(195, 0.0)	(200, 0.0)	(205, 2.0)	(210, 0.0)	(215, 0.0)	(220, 1.0)	(225, 2.0)	(230, 11.0)	(235, 46.0)	(240, 13.0)	(245, 1.0)	(250, 0.0)	(255, 1.0)	(260, 0.0)	(265, 1.0)	(270, 1.0)	(275, 4.0)	(280, 2.0)	(285, 0.0)	(290, 3004.0)	
Yell_July18_Site5ff_S137_L001_R1	(40, 141.0)	(45, 373.0)	(50, 247.0)	(55, 263.0)	(60, 129.0)	(65, 266.0)	(70, 132.0)	(75, 147.0)	(80, 87.0)	(85, 62.0)	(90, 97.0)	(95, 87.0)	(100, 224.0)	(105, 97.0)	(110, 97.0)	(115, 824.0)	(120, 6278.0)	(125, 7528.0)	(130, 1193.0)	(135, 552.0)	(140, 468.0)	(145, 11337.0)	(150, 26612.0)	(155, 185396.0)	(160, 21892.0)	(165, 1725.0)	(170, 76.0)	(175, 28.0)	(180, 30.0)	(185, 47.0)	(190, 31.0)	(195, 55.0)	(200, 94.0)	(205, 112.0)	(210, 56.0)	(215, 108.0)	(220, 444.0)	(225, 733.0)	(230, 1944.0)	(235, 213.0)	(240, 13.0)	(245, 13.0)	(250, 7.0)	(255, 17.0)	(260, 18.0)	(265, 10.0)	(270, 9.0)	(275, 17.0)	(280, 27.0)	(285, 2.0)	(290, 151117.0)
Yell_July18_Site5ff_S137_L001_R2	(10, 1.0)	(20, 0.0)	(30, 1.0)	(40, 514.0)	(50, 508.0)	(60, 390.0)	(70, 277.0)	(80, 144.0)	(90, 192.0)	(100, 321.0)	(110, 920.0)	(120, 13804.0)	(130, 1746.0)	(140, 11805.0)	(150, 212006.0)	(160, 23620.0)	(170, 106.0)	(180, 70.0)	(190, 59.0)	(200, 177.0)	(210, 49.0)	(220, 419.0)	(230, 2720.0)	(240, 166.0)	(250, 28.0)	(260, 56.0)	(270, 93.0)	(280, 34.0)	(290, 151249.0)																						
Yell_July18_Site5g_S97_L001_R1	(40, 87.0)	(45, 3441.0)	(50, 219.0)	(55, 224.0)	(60, 14.0)	(65, 143.0)	(70, 46.0)	(75, 51.0)	(80, 20.0)	(85, 20.0)	(90, 530.0)	(95, 171.0)	(100, 27.0)	(105, 13.0)	(110, 27.0)	(115, 41.0)	(120, 56.0)	(125, 11.0)	(130, 30.0)	(135, 31.0)	(140, 10.0)	(145, 3.0)	(150, 5.0)	(155, 8.0)	(160, 13.0)	(165, 1.0)	(170, 16.0)	(175, 0.0)	(180, 2.0)	(185, 13.0)	(190, 5.0)	(195, 3.0)	(200, 3.0)	(205, 6.0)	(210, 3.0)	(215, 4.0)	(220, 5.0)	(225, 1.0)	(230, 1.0)	(235, 3.0)	(240, 2.0)	(245, 1.0)	(250, 1.0)	(255, 2.0)	(260, 0.0)	(265, 3.0)	(270, 1.0)	(275, 3.0)	(280, 4.0)	(285, 0.0)	(290, 101523.0)
Yell_July18_Site5g_S97_L001_R2	(40, 87.0)	(45, 3441.0)	(50, 219.0)	(55, 224.0)	(60, 13.0)	(65, 139.0)	(70, 46.0)	(75, 51.0)	(80, 20.0)	(85, 16.0)	(90, 47.0)	(95, 656.0)	(100, 37.0)	(105, 14.0)	(110, 24.0)	(115, 19.0)	(120, 7.0)	(125, 8.0)	(130, 30.0)	(135, 35.0)	(140, 11.0)	(145, 2.0)	(150, 11.0)	(155, 6.0)	(160, 13.0)	(165, 3.0)	(170, 15.0)	(175, 47.0)	(180, 1.0)	(185, 12.0)	(190, 7.0)	(195, 1.0)	(200, 4.0)	(205, 5.0)	(210, 2.0)	(215, 5.0)	(220, 5.0)	(225, 3.0)	(230, 3.0)	(235, 4.0)	(240, 2.0)	(245, 0.0)	(250, 1.0)	(255, 2.0)	(260, 0.0)	(265, 6.0)	(270, 7.0)	(275, 15.0)	(280, 7.0)	(285, 0.0)	(290, 101514.0)
Yell_July18_Site5h_S98_L001_R1	(40, 176.0)	(45, 615.0)	(50, 117.0)	(55, 400.0)	(60, 119.0)	(65, 267.0)	(70, 133.0)	(75, 58.0)	(80, 56.0)	(85, 45.0)	(90, 161.0)	(95, 80.0)	(100, 17.0)	(105, 137.0)	(110, 203.0)	(115, 267.0)	(120, 1413.0)	(125, 5850.0)	(130, 1447.0)	(135, 1218.0)	(140, 1247.0)	(145, 10532.0)	(150, 11788.0)	(155, 275563.0)	(160, 56753.0)	(165, 2108.0)	(170, 194.0)	(175, 49.0)	(180, 36.0)	(185, 45.0)	(190, 21.0)	(195, 21.0)	(200, 28.0)	(205, 23.0)	(210, 36.0)	(215, 53.0)	(220, 393.0)	(225, 1251.0)	(230, 2059.0)	(235, 435.0)	(240, 18.0)	(245, 3.0)	(250, 3.0)	(255, 0.0)	(260, 2.0)	(265, 3.0)	(270, 4.0)	(275, 12.0)	(280, 9.0)	(285, 0.0)	(290, 285.0)
Yell_July18_Site5h_S98_L001_R2	(40, 177.0)	(45, 616.0)	(50, 116.0)	(55, 401.0)	(60, 114.0)	(65, 208.0)	(70, 131.0)	(75, 58.0)	(80, 57.0)	(85, 42.0)	(90, 46.0)	(95, 185.0)	(100, 25.0)	(105, 133.0)	(110, 212.0)	(115, 266.0)	(120, 1413.0)	(125, 5851.0)	(130, 1447.0)	(135, 1218.0)	(140, 1248.0)	(145, 10533.0)	(150, 11789.0)	(155, 275566.0)	(160, 56753.0)	(165, 2108.0)	(170, 194.0)	(175, 50.0)	(180, 36.0)	(185, 43.0)	(190, 16.0)	(195, 8.0)	(200, 24.0)	(205, 18.0)	(210, 17.0)	(215, 24.0)	(220, 37.0)	(225, 144.0)	(230, 1255.0)	(235, 1978.0)	(240, 381.0)	(245, 31.0)	(250, 14.0)	(255, 12.0)	(260, 12.0)	(265, 11.0)	(270, 36.0)	(275, 45.0)	(280, 26.0)	(285, 0.0)	(290, 628.0)
Yell_July18_Site5k_S108_L001_R1	(40, 1.0)	(45, 8.0)	(50, 3.0)	(55, 7.0)	(60, 1.0)	(65, 20.0)	(70, 1.0)	(75, 1.0)	(80, 3.0)	(85, 2.0)	(90, 3.0)	(95, 2.0)	(100, 5.0)	(105, 8.0)	(110, 13.0)	(115, 21.0)	(120, 785.0)	(125, 269.0)	(130, 162.0)	(135, 59.0)	(140, 39.0)	(145, 4448.0)	(150, 4168.0)	(155, 28191.0)	(160, 2520.0)	(165, 209.0)	(170, 6.0)	(175, 2.0)	(180, 5.0)	(185, 7.0)	(190, 0.0)	(195, 3.0)	(200, 3.0)	(205, 2.0)	(210, 5.0)	(215, 5.0)	(220, 95.0)	(225, 108.0)	(230, 156.0)	(235, 13.0)	(240, 2.0)	(245, 1.0)	(250, 0.0)	(255, 1.0)	(260, 0.0)	(265, 1.0)	(270, 1.0)	(275, 3.0)	(280, 2.0)	(285, 0.0)	(290, 20131.0)
Yell_July18_Site5k_S108_L001_R2	(40, 1.0)	(45, 8.0)	(50, 3.0)	(55, 7.0)	(60, 1.0)	(65, 20.0)	(70, 1.0)	(75, 1.0)	(80, 3.0)	(85, 1.0)	(90, 1.0)	(95, 7.0)	(100, 4.0)	(105, 9.0)	(110, 13.0)	(115, 21.0)	(120, 785.0)	(125, 269.0)	(130, 162.0)	(135, 59.0)	(140, 39.0)	(145, 4448.0)	(150, 4169.0)	(155, 28191.0)	(160, 2520.0)	(165, 209.0)	(170, 6.0)	(175, 3.0)	(180, 5.0)	(185, 7.0)	(190, 0.0)	(195, 4.0)	(200, 1.0)	(205, 0.0)	(210, 3.0)	(215, 2.0)	(220, 7.0)	(225, 50.0)	(230, 138.0)	(235, 153.0)	(240, 12.0)	(245, 2.0)	(250, 0.0)	(255, 0.0)	(260, 0.0)	(265, 0.0)	(270, 4.0)	(275, 5.0)	(280, 2.0)	(285, 0.0)	(290, 20145.0)
Yell_July18_Site5m_S110_L001_R1	(40, 3.0)	(45, 565.0)	(50, 4.0)	(55, 12.0)	(60, 11.0)	(65, 4.0)	(70, 7.0)	(75, 10.0)	(80, 5.0)	(85, 2.0)	(90, 5.0)	(95, 14.0)	(100, 8.0)	(105, 16.0)	(110, 36.0)	(115, 55.0)	(120, 564.0)	(125, 5358.0)	(130, 515.0)	(135, 210.0)	(140, 426.0)	(145, 4490.0)	(150, 4677.0)	(155, 65833.0)	(160, 2258.0)	(165, 329.0)	(170, 59.0)	(175, 10.0)	(180, 13.0)	(185, 15.0)	(190, 15.0)	(195, 14.0)	(200, 25.0)	(205, 6.0)	(210, 8.0)	(215, 8.0)	(220, 98.0)	(225, 163.0)	(230, 306.0)	(235, 12.0)	(240, 2.0)	(245, 1.0)	(250, 3.0)	(255, 1.0)	(260, 0.0)	(265, 2.0)	(270, 0.0)	(275, 6.0)	(280, 1.0)	(285, 0.0)	(290, 35072.0)
Yell_July18_Site5m_S110_L001_R2	(40, 3.0)	(45, 566.0)	(50, 4.0)	(55, 12.0)	(60, 11.0)	(65, 4.0)	(70, 7.0)	(75, 10.0)	(80, 5.0)	(85, 1.0)	(90, 4.0)	(95, 19.0)	(100, 8.0)	(105, 15.0)	(110, 36.0)	(115, 54.0)	(120, 564.0)	(125, 5358.0)	(130, 514.0)	(135, 211.0)	(140, 426.0)	(145, 4490.0)	(150, 4678.0)	(155, 65833.0)	(160, 2258.0)	(165, 329.0)	(170, 60.0)	(175, 10.0)	(180, 14.0)	(185, 14.0)	(190, 12.0)	(195, 3.0)	(200, 19.0)	(205, 9.0)	(210, 5.0)	(215, 10.0)	(220, 5.0)	(225, 50.0)	(230, 209.0)	(235, 240.0)	(240, 14.0)	(245, 3.0)	(250, 2.0)	(255, 2.0)	(260, 5.0)	(265, 2.0)	(270, 8.0)	(275, 6.0)	(280, 5.0)	(285, 0.0)	(290, 35130.0)
Yell_July18_Site5n_S115_L001_R1	(40, 32.0)	(45, 1090.0)	(50, 136.0)	(55, 1427.0)	(60, 44.0)	(65, 114.0)	(70, 23.0)	(75, 20.0)	(80, 14.0)	(85, 74.0)	(90, 420.0)	(95, 225.0)	(100, 23.0)	(105, 39.0)	(110, 45.0)	(115, 60.0)	(120, 1666.0)	(125, 1995.0)	(130, 626.0)	(135, 431.0)	(140, 371.0)	(145, 3060.0)	(150, 7743.0)	(155, 45478.0)	(160, 15713.0)	(165, 1307.0)	(170, 743.0)	(175, 17.0)	(180, 16.0)	(185, 277.0)	(190, 10.0)	(195, 9.0)	(200, 17.0)	(205, 11.0)	(210, 6.0)	(215, 18.0)	(220, 92.0)	(225, 210.0)	(230, 433.0)	(235, 105.0)	(240, 7.0)	(245, 0.0)	(250, 2.0)	(255, 6.0)	(260, 2.0)	(265, 0.0)	(270, 1.0)	(275, 3.0)	(280, 7.0)	(285, 0.0)	(290, 25687.0)
Yell_July18_Site5n_S115_L001_R2	(10, 1.0)	(20, 0.0)	(30, 0.0)	(40, 1122.0)	(50, 1562.0)	(60, 88.0)	(70, 43.0)	(80, 30.0)	(90, 612.0)	(100, 139.0)	(110, 97.0)	(120, 3647.0)	(130, 1060.0)	(140, 3432.0)	(150, 53239.0)	(160, 17027.0)	(170, 759.0)	(180, 294.0)	(190, 10.0)	(200, 19.0)	(210, 15.0)	(220, 75.0)	(230, 635.0)	(240, 93.0)	(250, 5.0)	(260, 13.0)	(270, 27.0)	(280, 11.0)	(290, 25800.0)																						
Yell_July18_Site5o_S116_L001_R1	(40, 1.0)	(45, 5.0)	(50, 2.0)	(55, 1.0)	(60, 1.0)	(65, 1.0)	(70, 1.0)	(75, 0.0)	(80, 1.0)	(85, 0.0)	(90, 2.0)	(95, 0.0)	(100, 2.0)	(105, 32.0)	(110, 35.0)	(115, 44.0)	(120, 284.0)	(125, 920.0)	(130, 909.0)	(135, 399.0)	(140, 554.0)	(145, 1622.0)	(150, 2507.0)	(155, 48489.0)	(160, 18117.0)	(165, 498.0)	(170, 61.0)	(175, 18.0)	(180, 8.0)	(185, 20.0)	(190, 1.0)	(195, 4.0)	(200, 13.0)	(205, 7.0)	(210, 5.0)	(215, 17.0)	(220, 76.0)	(225, 180.0)	(230, 583.0)	(235, 113.0)	(240, 3.0)	(245, 1.0)	(250, 3.0)	(255, 1.0)	(260, 4.0)	(265, 1.0)	(270, 2.0)	(275, 2.0)	(280, 3.0)	(285, 0.0)	(290, 34139.0)
Yell_July18_Site5o_S116_L001_R2	(40, 1.0)	(45, 5.0)	(50, 2.0)	(55, 1.0)	(60, 1.0)	(65, 1.0)	(70, 1.0)	(75, 0.0)	(80, 1.0)	(85, 0.0)	(90, 2.0)	(95, 2.0)	(100, 1.0)	(105, 32.0)	(110, 36.0)	(115, 44.0)	(120, 284.0)	(125, 920.0)	(130, 910.0)	(135, 399.0)	(140, 554.0)	(145, 1623.0)	(150, 2507.0)	(155, 48489.0)	(160, 18117.0)	(165, 498.0)	(170, 61.0)	(175, 18.0)	(180, 9.0)	(185, 20.0)	(190, 1.0)	(195, 0.0)	(200, 10.0)	(205, 9.0)	(210, 1.0)	(215, 7.0)	(220, 16.0)	(225, 32.0)	(230, 201.0)	(235, 546.0)	(240, 86.0)	(245, 9.0)	(250, 4.0)	(255, 4.0)	(260, 9.0)	(265, 4.0)	(270, 10.0)	(275, 10.0)	(280, 1.0)	(285, 0.0)	(290, 34193.0)
Yell_July18_Site5p_S121_L001_R1	(40, 5.0)	(45, 18.0)	(50, 5.0)	(55, 16.0)	(60, 3.0)	(65, 2.0)	(70, 3.0)	(75, 1.0)	(80, 2.0)	(85, 1.0)	(90, 9.0)	(95, 1.0)	(100, 7.0)	(105, 22.0)	(110, 59.0)	(115, 75.0)	(120, 643.0)	(125, 5257.0)	(130, 430.0)	(135, 368.0)	(140, 382.0)	(145, 7876.0)	(150, 4156.0)	(155, 81022.0)	(160, 8593.0)	(165, 661.0)	(170, 105.0)	(175, 24.0)	(180, 16.0)	(185, 28.0)	(190, 8.0)	(195, 16.0)	(200, 19.0)	(205, 12.0)	(210, 5.0)	(215, 28.0)	(220, 139.0)	(225, 214.0)	(230, 517.0)	(235, 51.0)	(240, 1.0)	(245, 0.0)	(250, 2.0)	(255, 1.0)	(260, 0.0)	(265, 3.0)	(270, 1.0)	(275, 4.0)	(280, 2.0)	(285, 0.0)	(290, 39016.0)
Yell_July18_Site5p_S121_L001_R2	(40, 5.0)	(45, 18.0)	(50, 5.0)	(55, 16.0)	(60, 3.0)	(65, 2.0)	(70, 3.0)	(75, 1.0)	(80, 1.0)	(85, 2.0)	(90, 8.0)	(95, 2.0)	(100, 7.0)	(105, 23.0)	(110, 59.0)	(115, 75.0)	(120, 643.0)	(125, 5257.0)	(130, 430.0)	(135, 368.0)	(140, 382.0)	(145, 7876.0)	(150, 4156.0)	(155, 81024.0)	(160, 8593.0)	(165, 661.0)	(170, 105.0)	(175, 25.0)	(180, 15.0)	(185, 29.0)	(190, 8.0)	(195, 3.0)	(200, 16.0)	(205, 15.0)	(210, 11.0)	(215, 7.0)	(220, 25.0)	(225, 73.0)	(230, 292.0)	(235, 394.0)	(240, 55.0)	(245, 5.0)	(250, 2.0)	(255, 4.0)	(260, 1.0)	(265, 5.0)	(270, 6.0)	(275, 16.0)	(280, 5.0)	(285, 0.0)	(290, 39092.0)
Yell_July18_Site5q_S122_L001_R1	(40, 1042.0)	(45, 17910.0)	(50, 888.0)	(55, 1280.0)	(60, 573.0)	(65, 1128.0)	(70, 577.0)	(75, 914.0)	(80, 578.0)	(85, 393.0)	(90, 677.0)	(95, 450.0)	(100, 580.0)	(105, 469.0)	(110, 257.0)	(115, 238.0)	(120, 384.0)	(125, 243.0)	(130, 142.0)	(135, 319.0)	(140, 464.0)	(145, 465.0)	(150, 189.0)	(155, 939.0)	(160, 640.0)	(165, 120.0)	(170, 127.0)	(175, 139.0)	(180, 71.0)	(185, 88.0)	(190, 87.0)	(195, 58.0)	(200, 128.0)	(205, 289.0)	(210, 90.0)	(215, 43.0)	(220, 178.0)	(225, 36.0)	(230, 65.0)	(235, 31.0)	(240, 40.0)	(245, 41.0)	(250, 44.0)	(255, 32.0)	(260, 51.0)	(265, 29.0)	(270, 30.0)	(275, 50.0)	(280, 64.0)	(285, 32.0)	(290, 123674.0)
Yell_July18_Site5q_S122_L001_R2	(30, 1.0)	(40, 18951.0)	(50, 2168.0)	(60, 1651.0)	(70, 1491.0)	(80, 963.0)	(90, 1120.0)	(100, 1055.0)	(110, 467.0)	(120, 627.0)	(130, 470.0)	(140, 931.0)	(150, 1139.0)	(160, 763.0)	(170, 266.0)	(180, 162.0)	(190, 145.0)	(200, 416.0)	(210, 131.0)	(220, 213.0)	(230, 96.0)	(240, 88.0)	(250, 76.0)	(260, 78.0)	(270, 81.0)	(280, 100.0)	(290, 123727.0)																								
Yell_July18_Site5r_S123_L001_R1	(40, 93.0)	(45, 240.0)	(50, 80.0)	(55, 115.0)	(60, 69.0)	(65, 79.0)	(70, 43.0)	(75, 64.0)	(80, 79.0)	(85, 47.0)	(90, 58.0)	(95, 42.0)	(100, 43.0)	(105, 56.0)	(110, 60.0)	(115, 74.0)	(120, 1842.0)	(125, 683.0)	(130, 1583.0)	(135, 799.0)	(140, 557.0)	(145, 4484.0)	(150, 18897.0)	(155, 106477.0)	(160, 19849.0)	(165, 2938.0)	(170, 94.0)	(175, 41.0)	(180, 22.0)	(185, 20.0)	(190, 15.0)	(195, 19.0)	(200, 10.0)	(205, 31.0)	(210, 18.0)	(215, 30.0)	(220, 247.0)	(225, 421.0)	(230, 982.0)	(235, 140.0)	(240, 5.0)	(245, 2.0)	(250, 4.0)	(255, 2.0)	(260, 4.0)	(265, 3.0)	(270, 1.0)	(275, 7.0)	(280, 7.0)	(285, 1.0)	(290, 34363.0)
Yell_July18_Site5r_S123_L001_R2	(40, 93.0)	(45, 240.0)	(50, 79.0)	(55, 115.0)	(60, 69.0)	(65, 75.0)	(70, 43.0)	(75, 63.0)	(80, 78.0)	(85, 45.0)	(90, 45.0)	(95, 58.0)	(100, 43.0)	(105, 57.0)	(110, 59.0)	(115, 74.0)	(120, 1841.0)	(125, 683.0)	(130, 1584.0)	(135, 799.0)	(140, 557.0)	(145, 4483.0)	(150, 18897.0)	(155, 106477.0)	(160, 19849.0)	(165, 2938.0)	(170, 94.0)	(175, 41.0)	(180, 22.0)	(185, 20.0)	(190, 13.0)	(195, 14.0)	(200, 12.0)	(205, 29.0)	(210, 15.0)	(215, 9.0)	(220, 34.0)	(225, 127.0)	(230, 456.0)	(235, 930.0)	(240, 122.0)	(245, 9.0)	(250, 7.0)	(255, 2.0)	(260, 5.0)	(265, 4.0)	(270, 8.0)	(275, 15.0)	(280, 6.0)	(285, 1.0)	(290, 34501.0)
Yell_July18_Site5s_S124_L001_R1	(40, 5.0)	(45, 4440.0)	(50, 1893.0)	(55, 6.0)	(60, 9.0)	(65, 4.0)	(70, 0.0)	(75, 2.0)	(80, 4.0)	(85, 0.0)	(90, 1.0)	(95, 3.0)	(100, 4.0)	(105, 12.0)	(110, 14.0)	(115, 35.0)	(120, 506.0)	(125, 3261.0)	(130, 324.0)	(135, 192.0)	(140, 164.0)	(145, 3169.0)	(150, 9951.0)	(155, 64802.0)	(160, 1896.0)	(165, 1018.0)	(170, 508.0)	(175, 9.0)	(180, 5.0)	(185, 15.0)	(190, 2.0)	(195, 11.0)	(200, 18.0)	(205, 8.0)	(210, 9.0)	(215, 10.0)	(220, 167.0)	(225, 252.0)	(230, 474.0)	(235, 25.0)	(240, 4.0)	(245, 1.0)	(250, 0.0)	(255, 1.0)	(260, 1.0)	(265, 2.0)	(270, 0.0)	(275, 5.0)	(280, 1.0)	(285, 1.0)	(290, 39488.0)
Yell_July18_Site5s_S124_L001_R2	(20, 1.0)	(30, 0.0)	(40, 4445.0)	(50, 1900.0)	(60, 12.0)	(70, 2.0)	(80, 5.0)	(90, 3.0)	(100, 11.0)	(110, 38.0)	(120, 3762.0)	(130, 520.0)	(140, 3334.0)	(150, 74754.0)	(160, 2914.0)	(170, 519.0)	(180, 21.0)	(190, 4.0)	(200, 30.0)	(210, 12.0)	(220, 110.0)	(230, 684.0)	(240, 53.0)	(250, 2.0)	(260, 7.0)	(270, 14.0)	(280, 5.0)	(290, 39570.0)																							
Yell_July18_Site5u_S126_L001_R1	(40, 2.0)	(45, 102.0)	(50, 0.0)	(55, 89.0)	(60, 24.0)	(65, 7.0)	(70, 1.0)	(75, 2.0)	(80, 3.0)	(85, 0.0)	(90, 48.0)	(95, 10.0)	(100, 11.0)	(105, 12.0)	(110, 2.0)	(115, 5.0)	(120, 494.0)	(125, 408.0)	(130, 198.0)	(135, 104.0)	(140, 234.0)	(145, 3112.0)	(150, 8296.0)	(155, 40395.0)	(160, 4200.0)	(165, 484.0)	(170, 11.0)	(175, 5.0)	(180, 4.0)	(185, 59.0)	(190, 2.0)	(195, 3.0)	(200, 8.0)	(205, 3.0)	(210, 2.0)	(215, 7.0)	(220, 146.0)	(225, 207.0)	(230, 316.0)	(235, 29.0)	(240, 4.0)	(245, 0.0)	(250, 0.0)	(255, 1.0)	(260, 8.0)	(265, 1.0)	(270, 17.0)	(275, 10.0)	(280, 1.0)	(285, 1.0)	(290, 27372.0)
Yell_July18_Site5u_S126_L001_R2	(40, 2.0)	(45, 102.0)	(50, 0.0)	(55, 89.0)	(60, 24.0)	(65, 7.0)	(70, 1.0)	(75, 1.0)	(80, 3.0)	(85, 0.0)	(90, 1.0)	(95, 44.0)	(100, 2.0)	(105, 25.0)	(110, 3.0)	(115, 6.0)	(120, 493.0)	(125, 409.0)	(130, 198.0)	(135, 106.0)	(140, 234.0)	(145, 3112.0)	(150, 8301.0)	(155, 40396.0)	(160, 4200.0)	(165, 484.0)	(170, 11.0)	(175, 6.0)	(180, 3.0)	(185, 59.0)	(190, 1.0)	(195, 1.0)	(200, 8.0)	(205, 2.0)	(210, 5.0)	(215, 3.0)	(220, 11.0)	(225, 78.0)	(230, 223.0)	(235, 295.0)	(240, 40.0)	(245, 3.0)	(250, 2.0)	(255, 0.0)	(260, 9.0)	(265, 5.0)	(270, 21.0)	(275, 17.0)	(280, 1.0)	(285, 1.0)	(290, 27412.0)
Yell_July18_Site5v_S127_L001_R1	(40, 5.0)	(45, 39.0)	(50, 2.0)	(55, 0.0)	(60, 2.0)	(65, 2.0)	(70, 1.0)	(75, 1.0)	(80, 2.0)	(85, 1.0)	(90, 6.0)	(95, 11.0)	(100, 14.0)	(105, 23.0)	(110, 16.0)	(115, 24.0)	(120, 1082.0)	(125, 357.0)	(130, 831.0)	(135, 281.0)	(140, 248.0)	(145, 1478.0)	(150, 2186.0)	(155, 51332.0)	(160, 5709.0)	(165, 653.0)	(170, 39.0)	(175, 7.0)	(180, 3.0)	(185, 2.0)	(190, 3.0)	(195, 7.0)	(200, 5.0)	(205, 7.0)	(210, 4.0)	(215, 8.0)	(220, 97.0)	(225, 263.0)	(230, 482.0)	(235, 43.0)	(240, 2.0)	(245, 1.0)	(250, 0.0)	(255, 0.0)	(260, 0.0)	(265, 1.0)	(270, 1.0)	(275, 4.0)	(280, 1.0)	(285, 0.0)	(290, 17443.0)
Yell_July18_Site5v_S127_L001_R2	(40, 5.0)	(45, 39.0)	(50, 3.0)	(55, 0.0)	(60, 2.0)	(65, 2.0)	(70, 0.0)	(75, 3.0)	(80, 2.0)	(85, 0.0)	(90, 7.0)	(95, 1.0)	(100, 1.0)	(105, 47.0)	(110, 16.0)	(115, 24.0)	(120, 1081.0)	(125, 357.0)	(130, 831.0)	(135, 281.0)	(140, 248.0)	(145, 1478.0)	(150, 2186.0)	(155, 51333.0)	(160, 5708.0)	(165, 653.0)	(170, 39.0)	(175, 7.0)	(180, 3.0)	(185, 1.0)	(190, 2.0)	(195, 4.0)	(200, 7.0)	(205, 5.0)	(210, 4.0)	(215, 4.0)	(220, 14.0)	(225, 33.0)	(230, 277.0)	(235, 456.0)	(240, 51.0)	(245, 5.0)	(250, 4.0)	(255, 1.0)	(260, 2.0)	(265, 1.0)	(270, 3.0)	(275, 7.0)	(280, 9.0)	(285, 0.0)	(290, 17482.0)
Yell_July18_Site5w_S128_L001_R1	(150, 2.0)	(155, 4.0)	(160, 1.0)	(165, 1.0)	(170, 0.0)	(175, 0.0)	(180, 0.0)	(185, 0.0)	(190, 0.0)	(195, 0.0)	(200, 0.0)	(205, 0.0)	(210, 0.0)	(215, 0.0)	(220, 0.0)	(225, 0.0)	(230, 0.0)	(235, 0.0)	(240, 0.0)	(245, 0.0)	(250, 0.0)	(255, 0.0)	(260, 0.0)	(265, 0.0)	(270, 0.0)	(275, 0.0)	(280, 0.0)	(285, 0.0)	(290, 5.0)																						
Yell_July18_Site5w_S128_L001_R2	(150, 2.0)	(155, 4.0)	(160, 1.0)	(165, 1.0)	(170, 0.0)	(175, 0.0)	(180, 0.0)	(185, 0.0)	(190, 0.0)	(195, 0.0)	(200, 0.0)	(205, 0.0)	(210, 0.0)	(215, 0.0)	(220, 0.0)	(225, 0.0)	(230, 0.0)	(235, 0.0)	(240, 0.0)	(245, 0.0)	(250, 0.0)	(255, 0.0)	(260, 0.0)	(265, 0.0)	(270, 0.0)	(275, 0.0)	(280, 0.0)	(285, 0.0)	(290, 5.0)																						
Yell_July18_Site5z_S131_L001_R1	(40, 261.0)	(45, 1272.0)	(50, 332.0)	(55, 425.0)	(60, 145.0)	(65, 255.0)	(70, 134.0)	(75, 227.0)	(80, 164.0)	(85, 97.0)	(90, 192.0)	(95, 159.0)	(100, 183.0)	(105, 197.0)	(110, 242.0)	(115, 328.0)	(120, 2260.0)	(125, 2638.0)	(130, 3045.0)	(135, 1594.0)	(140, 1299.0)	(145, 10967.0)	(150, 16970.0)	(155, 170154.0)	(160, 101028.0)	(165, 3053.0)	(170, 226.0)	(175, 87.0)	(180, 72.0)	(185, 160.0)	(190, 99.0)	(195, 34.0)	(200, 75.0)	(205, 113.0)	(210, 54.0)	(215, 76.0)	(220, 504.0)	(225, 1269.0)	(230, 2329.0)	(235, 1084.0)	(240, 39.0)	(245, 43.0)	(250, 32.0)	(255, 14.0)	(260, 31.0)	(265, 20.0)	(270, 25.0)	(275, 35.0)	(280, 42.0)	(285, 12.0)	(290, 191762.0)
Yell_July18_Site5z_S131_L001_R2	(10, 1.0)	(20, 2.0)	(30, 0.0)	(40, 1532.0)	(50, 760.0)	(60, 365.0)	(70, 360.0)	(80, 250.0)	(90, 352.0)	(100, 394.0)	(110, 570.0)	(120, 4896.0)	(130, 4640.0)	(140, 12264.0)	(150, 187127.0)	(160, 104084.0)	(170, 309.0)	(180, 230.0)	(190, 113.0)	(200, 162.0)	(210, 85.0)	(220, 382.0)	(230, 3809.0)	(240, 846.0)	(250, 51.0)	(260, 61.0)	(270, 104.0)	(280, 63.0)	(290, 192046.0)																						
