.	Basic Statistics	Per Base Sequence Quality	Per Tile Sequence Quality	Per Sequence Quality Scores	Per Base Sequence Content	Per Sequence GC Content	Per Base N Content	Sequence Length Distribution	Sequence Duplication Levels	Overrepresented Sequences	Adapter Content
Site1J_S99_L001_R1_001	1	0.25	0.5	1	0.25	0.25	1	0.5	0.25	0.25	1
Site1J_S99_L001_R2_001	1	0.25	0.5	1	0.25	0.25	1	0.5	0.25	0.25	1
Site1L_S101_L001_R1_001	1	0.25	0.5	1	0.25	0.25	1	0.5	0.25	0.25	1
Site1L_S101_L001_R2_001	1	0.25	0.5	1	0.25	0.25	1	0.5	0.25	0.25	1
Site1U_S114_L001_R1_001	1	0.25	0.5	1	0.25	0.25	1	0.5	0.25	0.25	0.5
Site1U_S114_L001_R2_001	1	0.25	0.5	1	0.25	0.25	1	0.5	0.25	0.25	0.5
Site1a_S83_L001_R1_001	1	0.25	0.5	1	0.25	0.25	1	0.5	0.25	0.25	1
Site1a_S83_L001_R2_001	1	0.25	0.5	1	0.25	0.5	1	0.5	0.25	0.25	1
Site1b_S84_L001_R1_001	1	0.25	0.5	1	0.25	0.25	1	0.5	0.25	0.25	1
Site1b_S84_L001_R2_001	1	0.25	0.5	1	0.25	0.25	1	0.5	0.25	0.25	1
Site1bb_S139_L001_R1_001	1	0.25	0.5	1	0.25	0.25	1	0.5	0.25	0.25	0.25
Site1bb_S139_L001_R2_001	1	0.25	0.5	1	0.25	0.25	1	0.5	0.25	0.25	0.25
Site1c_S85_L001_R1_001	1	0.25	0.5	1	0.25	0.25	1	0.5	0.25	0.25	1
Site1c_S85_L001_R2_001	1	0.25	0.5	1	0.25	0.25	1	0.5	0.25	0.25	1
Site1cc_S140_L001_R1_001	1	0.25	0.5	1	0.25	0.25	1	0.5	0.25	0.25	1
Site1cc_S140_L001_R2_001	1	0.25	0.5	1	0.25	0.25	1	0.5	0.25	0.25	1
Site1d_S86_L001_R1_001	1	0.25	0.5	1	0.25	0.25	1	0.5	0.25	0.25	1
Site1d_S86_L001_R2_001	1	0.25	0.5	1	0.25	0.25	1	0.5	0.25	0.25	1
Site1dd_S141_L001_R1_001	1	0.25	0.5	1	0.25	0.25	1	0.5	0.25	0.25	1
Site1dd_S141_L001_R2_001	1	0.25	0.5	1	0.25	0.25	1	0.5	0.25	0.25	1
Site1e_S91_L001_R1_001	1	0.25	0.5	1	0.25	0.25	1	0.5	0.25	0.25	0.25
Site1e_S91_L001_R2_001	1	0.25	0.5	1	0.25	0.25	1	0.5	0.25	0.25	0.25
Site1ee_S142_L001_R1_001	1	0.25	0.5	1	0.25	0.25	1	0.5	0.25	0.25	0.25
Site1ee_S142_L001_R2_001	1	0.25	0.5	1	0.25	0.25	1	0.5	0.25	0.25	0.25
Site1f_S92_L001_R1_001	1	0.25	0.5	1	0.25	0.25	1	0.5	0.25	0.25	1
Site1f_S92_L001_R2_001	1	0.25	0.25	1	0.25	0.25	1	0.5	0.25	0.25	1
Site1g_S93_L001_R1_001	1	0.25	0.5	1	0.25	0.25	1	0.5	0.25	0.25	0.25
Site1g_S93_L001_R2_001	1	0.25	0.5	1	0.25	0.25	1	0.5	0.25	0.25	0.25
Site1h_S94_L001_R1_001	1	0.25	0.5	1	0.25	0.25	1	0.5	0.25	0.25	0.5
Site1h_S94_L001_R2_001	1	0.25	0.5	1	0.25	0.25	1	0.5	0.25	0.25	1
Site1k_S100_L001_R1_001	1	0.25	0.5	1	0.25	0.25	1	0.5	0.25	0.25	1
Site1k_S100_L001_R2_001	1	0.25	0.5	1	0.25	0.25	1	0.5	0.25	0.25	1
Site1m_S102_L001_R1_001	1	0.25	0.5	1	0.25	0.25	1	0.5	0.25	0.25	1
Site1m_S102_L001_R2_001	1	0.25	0.5	1	0.25	0.25	1	0.5	0.25	0.25	1
Site1n_S103_L001_R1_001	1	0.25	0.5	1	0.25	0.25	1	0.5	0.25	0.25	1
Site1n_S103_L001_R2_001	1	0.25	0.5	1	0.25	0.25	1	0.5	0.25	0.25	1
Site1o_S104_L001_R1_001	1	0.25	0.5	1	0.25	0.25	1	0.5	0.25	0.25	1
Site1o_S104_L001_R2_001	1	0.25	0.5	1	0.25	0.25	1	0.5	0.25	0.25	1
Site1p_S105_L001_R1_001	1	0.25	0.5	1	0.25	0.25	1	0.5	0.25	0.25	0.25
Site1p_S105_L001_R2_001	1	0.25	0.5	1	0.25	0.25	1	0.5	0.25	0.25	0.25
Site1q_S106_L001_R1_001	1	0.25	0.5	1	0.25	0.25	1	0.5	0.25	0.25	1
Site1q_S106_L001_R2_001	1	0.25	0.5	1	0.25	0.25	1	0.5	0.25	0.25	1
Site1r_S111_L001_R1_001	1	0.25	0.5	1	0.25	0.25	1	0.5	0.25	0.25	1
Site1r_S111_L001_R2_001	1	0.25	0.5	1	0.25	0.25	1	0.5	0.25	0.25	1
Site1s_S112_L001_R1_001	1	0.25	0.5	1	0.25	0.25	1	0.5	0.25	0.25	1
Site1s_S112_L001_R2_001	1	0.25	0.5	1	0.25	0.25	1	0.5	0.25	0.25	1
Site1t_S113_L001_R1_001	1	0.25	0.5	1	0.25	0.25	1	0.5	0.25	0.25	1
Site1t_S113_L001_R2_001	1	0.25	0.5	1	0.25	0.25	1	0.5	0.25	0.25	1
Site1v_S117_L001_R1_001	1	0.25	0.5	1	0.25	0.25	1	0.5	0.25	0.25	0.5
Site1v_S117_L001_R2_001	1	0.25	0.5	1	0.25	0.25	1	0.5	0.25	0.25	0.5
Site1w_S118_L001_R1_001	1	0.25	0.5	1	0.25	0.25	1	0.5	0.25	0.25	1
Site1w_S118_L001_R2_001	1	0.25	0.5	1	0.25	0.25	1	0.5	0.25	0.25	1
Site1y_S120_L001_R1_001	1	0.25	0.5	1	0.25	0.25	1	0.5	0.25	0.25	1
Site1y_S120_L001_R2_001	1	0.25	0.5	1	0.25	0.25	1	0.5	0.25	0.25	1
Site1z_S129_L001_R1_001	1	0.25	0.5	1	0.25	0.25	1	0.5	0.25	0.25	1
Site1z_S129_L001_R2_001	1	0.25	0.5	1	0.25	0.25	1	0.5	0.25	0.25	1
Site5J_S107_L001_R1_001	1	1	0.25	1	0.25	0.25	1	0.5	0.25	0.25	1
Site5J_S107_L001_R2_001	1	1	0.25	1	0.25	0.25	1	0.5	0.25	0.25	1
Site5L_S109_L001_R1_001	1	0.25	0.5	1	0.25	0.25	1	0.5	0.25	0.25	1
Site5L_S109_L001_R2_001	1	0.25	0.5	1	0.25	0.25	1	0.5	0.25	0.25	1
Site5a_S87_L001_R1_001	1	0.25	0.5	1	0.25	0.25	1	0.5	0.25	0.25	1
Site5a_S87_L001_R2_001	1	0.25	0.5	1	0.25	0.25	1	0.5	0.25	0.25	1
Site5aa_S132_L001_R1_001	1	0.25	0.5	1	0.25	0.25	1	0.5	0.25	0.25	1
Site5aa_S132_L001_R2_001	1	0.25	0.5	1	0.25	0.25	1	0.5	0.25	0.25	1
Site5b_S88_L001_R1_001	1	0.25	0.5	1	0.25	0.25	1	0.5	0.25	0.25	0.5
Site5b_S88_L001_R2_001	1	0.25	0.5	1	0.25	0.25	1	0.5	0.25	0.25	0.25
Site5bb_S133_L001_R1_001	1	0.25	0.5	1	0.25	0.25	1	0.5	0.25	0.25	1
Site5bb_S133_L001_R2_001	1	0.25	0.5	1	0.25	0.25	1	0.5	0.25	0.25	1
Site5c_S89_L001_R1_001	1	0.25	0.5	1	0.25	0.25	1	0.5	0.25	0.25	1
Site5c_S89_L001_R2_001	1	0.25	0.5	1	0.25	0.25	1	0.5	0.25	0.25	1
Site5cc_S134_L001_R1_001	1	0.25	0.5	1	0.25	0.25	1	0.5	0.25	0.25	1
Site5cc_S134_L001_R2_001	1	0.25	0.5	1	0.25	0.25	1	0.5	0.25	0.25	1
Site5e_S95_L001_R1_001	1	0.25	0.5	1	0.25	0.25	1	0.5	0.25	0.25	1
Site5e_S95_L001_R2_001	1	0.25	0.5	1	0.25	0.25	1	0.5	0.25	0.25	1
Site5ee_S136_L001_R1_001	1	0.25	0.5	1	0.25	0.25	1	0.5	0.25	0.25	1
Site5ee_S136_L001_R2_001	1	0.25	0.5	1	0.25	0.25	1	0.5	0.25	0.25	1
Site5f_S96_L001_R1_001	1	0.25	0.5	1	0.25	0.25	1	0.5	0.25	0.25	1
Site5f_S96_L001_R2_001	1	0.25	0.5	1	0.25	0.25	1	0.5	0.25	0.25	1
Site5ff_S137_L001_R1_001	1	0.25	0.5	1	0.25	0.25	1	0.5	0.25	0.25	1
Site5ff_S137_L001_R2_001	1	0.25	0.5	1	0.25	0.25	1	0.5	0.25	0.25	1
Site5g_S97_L001_R1_001	1	0.25	0.5	1	0.25	0.25	1	0.5	0.25	0.25	1
Site5g_S97_L001_R2_001	1	0.25	0.5	1	0.25	0.25	1	0.5	0.25	0.25	1
Site5h_S98_L001_R1_001	1	0.25	0.25	1	0.25	0.25	1	0.5	0.25	0.25	1
Site5h_S98_L001_R2_001	1	0.25	0.25	1	0.25	0.25	1	0.5	0.25	0.25	1
Site5k_S108_L001_R1_001	1	0.25	0.5	1	0.25	0.25	1	0.5	0.25	0.25	1
Site5k_S108_L001_R2_001	1	0.25	0.5	1	0.25	0.25	1	0.5	0.25	0.25	1
Site5m_S110_L001_R1_001	1	0.25	0.5	1	0.25	0.25	1	0.5	0.25	0.25	1
Site5m_S110_L001_R2_001	1	0.25	0.5	1	0.25	0.25	1	0.5	0.25	0.25	1
Site5n_S115_L001_R1_001	1	0.25	0.5	1	0.25	0.25	1	0.5	0.25	0.25	1
Site5n_S115_L001_R2_001	1	0.25	0.5	1	0.25	0.25	1	0.5	0.25	0.25	1
Site5o_S116_L001_R1_001	1	0.25	0.5	1	0.25	0.25	1	0.5	0.25	0.25	1
Site5o_S116_L001_R2_001	1	0.25	0.5	1	0.25	0.25	1	0.5	0.25	0.25	1
Site5p_S121_L001_R1_001	1	0.25	0.5	1	0.25	0.25	1	0.5	0.25	0.25	1
Site5p_S121_L001_R2_001	1	0.25	0.5	1	0.25	0.25	1	0.5	0.25	0.25	1
Site5q_S122_L001_R1_001	1	0.25	0.5	1	0.25	0.25	1	0.5	0.25	0.25	0.25
Site5q_S122_L001_R2_001	1	0.25	0.5	1	0.25	0.25	1	0.5	0.25	0.25	0.25
Site5r_S123_L001_R1_001	1	0.25	0.5	1	0.25	0.25	1	0.5	0.25	0.25	1
Site5r_S123_L001_R2_001	1	0.25	0.5	1	0.25	0.25	1	0.5	0.25	0.25	1
Site5s_S124_L001_R1_001	1	0.25	0.5	1	0.25	0.25	1	0.5	0.25	0.25	0.5
Site5s_S124_L001_R2_001	1	0.25	0.5	1	0.25	0.25	1	0.5	0.25	0.25	1
Site5u_S126_L001_R1_001	1	0.25	0.5	1	0.25	0.25	1	0.5	0.25	0.25	1
Site5u_S126_L001_R2_001	1	0.25	0.5	1	0.25	0.25	1	0.5	0.25	0.25	1
Site5v_S127_L001_R1_001	1	0.25	0.5	1	0.25	0.25	1	0.5	0.25	0.25	1
Site5v_S127_L001_R2_001	1	0.25	0.5	1	0.25	0.25	1	0.5	0.25	0.25	1
Site5w_S128_L001_R1_001	1	1	0.25	1	0.25	0.25	1	0.5	1	0.25	1
Site5w_S128_L001_R2_001	1	1	0.25	1	0.25	0.25	1	0.5	1	0.25	1
Site5z_S131_L001_R1_001	1	0.25	0.5	1	0.25	0.25	1	0.5	0.25	0.25	1
Site5z_S131_L001_R2_001	1	0.25	0.5	1	0.25	0.25	1	0.5	0.25	0.25	1
